0 48.40067 48.40067 48.40064 50.156158 50.156158 97.646138 97.646198 97.646146 97.646146 97.646168 97.646168
48.40067 0 15.43346 37.42063 50.156228 50.156228 97.646208 97.646268 97.646216 97.646216 97.646238 97.646238
48.40067 15.43346 0 37.42063 50.156228 50.156228 97.646208 97.646268 97.646216 97.646216 97.646238 97.646238
48.40064 37.42063 37.42063 0 50.156198 50.156198 97.646178 97.646238 97.646186 97.646186 97.646208 97.646208
50.156158 50.156228 50.156228 50.156198 0 2.01024 97.64622 97.64628 97.646228 97.646228 97.64625 97.64625
50.156158 50.156228 50.156228 50.156198 2.01024 0 97.64622 97.64628 97.646228 97.646228 97.64625 97.64625
97.646138 97.646208 97.646208 97.646178 97.64622 97.64622 0 41.80726 41.807208 41.807208 77.08403 77.08403
97.646198 97.646268 97.646268 97.646238 97.64628 97.64628 41.80726 0 27.360548 27.360548 77.08409 77.08409
97.646146 97.646216 97.646216 97.646186 97.646228 97.646228 41.807208 27.360548 0 0.505896 77.084038 77.084038
97.646146 97.646216 97.646216 97.646186 97.646228 97.646228 41.807208 27.360548 0.505896 0 77.084038 77.084038
97.646168 97.646238 97.646238 97.646208 97.64625 97.64625 77.08403 77.08409 77.084038 77.084038 0 11.46766
97.646168 97.646238 97.646238 97.646208 97.64625 97.64625 77.08403 77.08409 77.084038 77.084038 11.46766 0
