0 71.883789 71.883789 71.8838 73.567927 73.567932 73.567932 73.567937 73.567927 73.567957 73.567957 73.567957
71.883789 0 0.637978 27.431589 73.567916 73.567921 73.567921 73.567926 73.567916 73.567946 73.567946 73.567946
71.883789 0.637978 0 27.431589 73.567916 73.567921 73.567921 73.567926 73.567916 73.567946 73.567946 73.567946
71.8838 27.431589 27.431589 0 73.567927 73.567932 73.567932 73.567937 73.567927 73.567957 73.567957 73.567957
73.567927 73.567916 73.567916 73.567927 0 11.734205 11.734205 11.73421 18.06678 41.14601 41.14601 41.14601
73.567932 73.567921 73.567921 73.567932 11.734205 0 0.29855 2.904175 18.066785 41.146015 41.146015 41.146015
73.567932 73.567921 73.567921 73.567932 11.734205 0.29855 0 2.904175 18.066785 41.146015 41.146015 41.146015
73.567937 73.567926 73.567926 73.567937 11.73421 2.904175 2.904175 0 18.06679 41.14602 41.14602 41.14602
73.567927 73.567916 73.567916 73.567927 18.06678 18.066785 18.066785 18.06679 0 41.14601 41.14601 41.14601
73.567957 73.567946 73.567946 73.567957 41.14601 41.146015 41.146015 41.14602 41.14601 0 14.04118 16.78464
73.567957 73.567946 73.567946 73.567957 41.14601 41.146015 41.146015 41.14602 41.14601 14.04118 0 16.78464
73.567957 73.567946 73.567946 73.567957 41.14601 41.146015 41.146015 41.14602 41.14601 16.78464 16.78464 0
