0 70.92839 70.92839 70.92838 70.92838 70.92838 70.92838 70.928344 70.928344 73.20406 96.70766 96.70766
70.92839 0 3.80226 16.09081 16.09081 19.72661 19.72661 34.692734 34.692734 73.20405 96.70765 96.70765
70.92839 3.80226 0 16.09081 16.09081 19.72661 19.72661 34.692734 34.692734 73.20405 96.70765 96.70765
70.92838 16.09081 16.09081 0 12.30746 19.7266 19.7266 34.692724 34.692724 73.20404 96.70764 96.70764
70.92838 16.09081 16.09081 12.30746 0 19.7266 19.7266 34.692724 34.692724 73.20404 96.70764 96.70764
70.92838 19.72661 19.72661 19.7266 19.7266 0 2.03784 34.692724 34.692724 73.20404 96.70764 96.70764
70.92838 19.72661 19.72661 19.7266 19.7266 2.03784 0 34.692724 34.692724 73.20404 96.70764 96.70764
70.928344 34.692734 34.692734 34.692724 34.692724 34.692724 34.692724 0 32.8908 73.204004 96.707604 96.707604
70.928344 34.692734 34.692734 34.692724 34.692724 34.692724 34.692724 32.8908 0 73.204004 96.707604 96.707604
73.20406 73.20405 73.20405 73.20404 73.20404 73.20404 73.20404 73.204004 73.204004 0 96.7076 96.7076
96.70766 96.70765 96.70765 96.70764 96.70764 96.70764 96.70764 96.707604 96.707604 96.7076 0 23.942
96.70766 96.70765 96.70765 96.70764 96.70764 96.70764 96.70764 96.707604 96.707604 96.7076 23.942 0
