0 10.3013613 10.3013613 10.30136 10.30136 29.31996 45.799951 45.799951 63.71248 63.71253 63.71253 63.71246
10.3013613 0 7.54282 7.6222613 7.6222613 29.3199613 45.7999523 45.7999523 63.7124813 63.7125313 63.7125313 63.7124613
10.3013613 7.54282 0 7.6222613 7.6222613 29.3199613 45.7999523 45.7999523 63.7124813 63.7125313 63.7125313 63.7124613
10.30136 7.6222613 7.6222613 0 3.43416 29.31996 45.799951 45.799951 63.71248 63.71253 63.71253 63.71246
10.30136 7.6222613 7.6222613 3.43416 0 29.31996 45.799951 45.799951 63.71248 63.71253 63.71253 63.71246
29.31996 29.3199613 29.3199613 29.31996 29.31996 0 45.799991 45.799991 63.71252 63.71257 63.71257 63.7125
45.799951 45.7999523 45.7999523 45.799951 45.799951 45.799991 0 45.124 63.712471 63.712521 63.712521 63.712451
45.799951 45.7999523 45.7999523 45.799951 45.799951 45.799991 45.124 0 63.712471 63.712521 63.712521 63.712451
63.71248 63.7124813 63.7124813 63.71248 63.71248 63.71252 63.712471 63.712471 0 53.79105 53.79105 61.40102
63.71253 63.7125313 63.7125313 63.71253 63.71253 63.71257 63.712521 63.712521 53.79105 0 2.2545 61.40107
63.71253 63.7125313 63.7125313 63.71253 63.71253 63.71257 63.712521 63.712521 53.79105 2.2545 0 61.40107
63.71246 63.7124613 63.7124613 63.71246 63.71246 63.7125 63.712451 63.712451 61.40102 61.40107 61.40107 0
