0 147.82037 147.82034 147.82038 147.82038 147.82041 147.8204 147.820405 147.820405 147.820402 147.820402 147.8204
147.82037 0 127.96177 127.96181 127.96181 127.96184 127.96183 127.961835 127.961835 127.961832 127.961832 127.96183
147.82034 127.96177 0 27.33044 27.33044 35.04993 38.00354 124.475545 124.475545 124.475542 124.475542 124.47554
147.82038 127.96181 27.33044 0 9.84128 35.04997 38.00358 124.475585 124.475585 124.475582 124.475582 124.47558
147.82038 127.96181 27.33044 9.84128 0 35.04997 38.00358 124.475585 124.475585 124.475582 124.475582 124.47558
147.82041 127.96184 35.04993 35.04997 35.04997 0 38.00361 124.475615 124.475615 124.475612 124.475612 124.47561
147.8204 127.96183 38.00354 38.00358 38.00358 38.00361 0 124.475605 124.475605 124.475602 124.475602 124.4756
147.820405 127.961835 124.475545 124.475585 124.475585 124.475615 124.475605 0 0.34387 5.134727 5.134727 15.745405
147.820405 127.961835 124.475545 124.475585 124.475585 124.475615 124.475605 0.34387 0 5.134727 5.134727 15.745405
147.820402 127.961832 124.475542 124.475582 124.475582 124.475612 124.475602 5.134727 5.134727 0 1.913404 15.745402
147.820402 127.961832 124.475542 124.475582 124.475582 124.475612 124.475602 5.134727 5.134727 1.913404 0 15.745402
147.8204 127.96183 124.47554 124.47558 124.47558 124.47561 124.4756 15.745405 15.745405 15.745402 15.745402 0
