0 15.779245 15.779245 15.77924 44.20702 44.20702 48.003179 48.003179 48.00317 67.77359 92.27659 92.27659
15.779245 0 1.09153 4.099485 44.207025 44.207025 48.003184 48.003184 48.003175 67.773595 92.276595 92.276595
15.779245 1.09153 0 4.099485 44.207025 44.207025 48.003184 48.003184 48.003175 67.773595 92.276595 92.276595
15.77924 4.099485 4.099485 0 44.20702 44.20702 48.003179 48.003179 48.00317 67.77359 92.27659 92.27659
44.20702 44.207025 44.207025 44.20702 0 22.0042 48.003159 48.003159 48.00315 67.77357 92.27657 92.27657
44.20702 44.207025 44.207025 44.20702 22.0042 0 48.003159 48.003159 48.00315 67.77357 92.27657 92.27657
48.003179 48.003184 48.003184 48.003179 48.003159 48.003159 0 28.518 29.550209 67.773629 92.276629 92.276629
48.003179 48.003184 48.003184 48.003179 48.003159 48.003159 28.518 0 29.550209 67.773629 92.276629 92.276629
48.00317 48.003175 48.003175 48.00317 48.00315 48.00315 29.550209 29.550209 0 67.77362 92.27662 92.27662
67.77359 67.773595 67.773595 67.77359 67.77357 67.77357 67.773629 67.773629 67.77362 0 92.2766 92.2766
92.27659 92.276595 92.276595 92.27659 92.27657 92.27657 92.276629 92.276629 92.27662 92.2766 0 21.8232
92.27659 92.276595 92.276595 92.27659 92.27657 92.27657 92.276629 92.276629 92.27662 92.2766 21.8232 0
