0 59.711933 59.711933 148.0635 148.06348 148.063437 148.063437 148.36885 148.36885 181.97832 181.97832 181.97835
59.711933 0 0.233666 148.063433 148.063413 148.06337 148.06337 148.368783 148.368783 181.978253 181.978253 181.978283
59.711933 0.233666 0 148.063433 148.063413 148.06337 148.06337 148.368783 148.368783 181.978253 181.978253 181.978283
148.0635 148.063433 148.063433 0 54.61578 54.615737 54.615737 148.36895 148.36895 181.97842 181.97842 181.97845
148.06348 148.063413 148.063413 54.61578 0 40.602557 40.602557 148.36893 148.36893 181.9784 181.9784 181.97843
148.063437 148.06337 148.06337 54.615737 40.602557 0 0.966514 148.368887 148.368887 181.978357 181.978357 181.978387
148.063437 148.06337 148.06337 54.615737 40.602557 0.966514 0 148.368887 148.368887 181.978357 181.978357 181.978387
148.36885 148.368783 148.368783 148.36895 148.36893 148.368887 148.368887 0 96.9618 181.97827 181.97827 181.9783
148.36885 148.368783 148.368783 148.36895 148.36893 148.368887 148.368887 96.9618 0 181.97827 181.97827 181.9783
181.97832 181.978253 181.978253 181.97842 181.9784 181.978357 181.978357 181.97827 181.97827 0 13.98054 54.86117
181.97832 181.978253 181.978253 181.97842 181.9784 181.978357 181.978357 181.97827 181.97827 13.98054 0 54.86117
181.97835 181.978283 181.978283 181.97845 181.97843 181.978387 181.978387 181.9783 181.9783 54.86117 54.86117 0
