0 12.6973 12.6973 20.4886 36.73099 36.73099 36.73099 143.87568 143.87567 143.87567 143.87567 143.87567
12.6973 0 4.68628 20.4886 36.73099 36.73099 36.73099 143.87568 143.87567 143.87567 143.87567 143.87567
12.6973 4.68628 0 20.4886 36.73099 36.73099 36.73099 143.87568 143.87567 143.87567 143.87567 143.87567
20.4886 20.4886 20.4886 0 36.73099 36.73099 36.73099 143.87568 143.87567 143.87567 143.87567 143.87567
36.73099 36.73099 36.73099 36.73099 0 27.6568 27.6568 143.87569 143.87568 143.87568 143.87568 143.87568
36.73099 36.73099 36.73099 36.73099 27.6568 0 13.1397 143.87569 143.87568 143.87568 143.87568 143.87568
36.73099 36.73099 36.73099 36.73099 27.6568 13.1397 0 143.87569 143.87568 143.87568 143.87568 143.87568
143.87568 143.87568 143.87568 143.87568 143.87569 143.87569 143.87569 0 22.04199 22.04199 29.56717 29.56717
143.87567 143.87567 143.87567 143.87567 143.87568 143.87568 143.87568 22.04199 0 19.05622 29.56716 29.56716
143.87567 143.87567 143.87567 143.87567 143.87568 143.87568 143.87568 22.04199 19.05622 0 29.56716 29.56716
143.87567 143.87567 143.87567 143.87567 143.87568 143.87568 143.87568 29.56717 29.56716 29.56716 0 11.9882
143.87567 143.87567 143.87567 143.87567 143.87568 143.87568 143.87568 29.56717 29.56716 29.56716 11.9882 0
