0 0.395304 44.042662 44.042662 44.042652 48.213062 91.857462 91.857482 91.857482 91.857482 91.857482 91.857462
0.395304 0 44.042662 44.042662 44.042652 48.213062 91.857462 91.857482 91.857482 91.857482 91.857482 91.857462
44.042662 44.042662 0 16.01676 23.30961 48.21302 91.85742 91.85744 91.85744 91.85744 91.85744 91.85742
44.042662 44.042662 16.01676 0 23.30961 48.21302 91.85742 91.85744 91.85744 91.85744 91.85744 91.85742
44.042652 44.042652 23.30961 23.30961 0 48.21301 91.85741 91.85743 91.85743 91.85743 91.85743 91.85741
48.213062 48.213062 48.21302 48.21302 48.21301 0 91.8574 91.85742 91.85742 91.85742 91.85742 91.8574
91.857462 91.857462 91.85742 91.85742 91.85741 91.8574 0 50.88542 50.88542 50.88542 50.88542 50.8854
91.857482 91.857482 91.85744 91.85744 91.85743 91.85742 50.88542 0 11.44126 11.44126 11.44126 30.22802
91.857482 91.857482 91.85744 91.85744 91.85743 91.85742 50.88542 11.44126 0 8.60516 8.60516 30.22802
91.857482 91.857482 91.85744 91.85744 91.85743 91.85742 50.88542 11.44126 8.60516 0 3.4555 30.22802
91.857482 91.857482 91.85744 91.85744 91.85743 91.85742 50.88542 11.44126 8.60516 3.4555 0 30.22802
91.857462 91.857462 91.85742 91.85742 91.85741 91.8574 50.8854 30.22802 30.22802 30.22802 30.22802 0
