0 7.75552 36.76226 37.349222 42.216296 42.216296 42.216296 42.216276 42.216246 42.216246 42.216296 42.216296
7.75552 0 36.76226 37.349222 42.216296 42.216296 42.216296 42.216276 42.216246 42.216246 42.216296 42.216296
36.76226 36.76226 0 37.349162 42.216236 42.216236 42.216236 42.216216 42.216186 42.216186 42.216236 42.216236
37.349222 37.349222 37.349162 0 42.216274 42.216274 42.216274 42.216254 42.216224 42.216224 42.216274 42.216274
42.216296 42.216296 42.216236 42.216274 0 12.32224 12.32224 29.84442 40.27909 40.27909 40.27914 40.27914
42.216296 42.216296 42.216236 42.216274 12.32224 0 3.85472 29.84442 40.27909 40.27909 40.27914 40.27914
42.216296 42.216296 42.216236 42.216274 12.32224 3.85472 0 29.84442 40.27909 40.27909 40.27914 40.27914
42.216276 42.216276 42.216216 42.216254 29.84442 29.84442 29.84442 0 40.27907 40.27907 40.27912 40.27912
42.216246 42.216246 42.216186 42.216224 40.27909 40.27909 40.27909 40.27907 0 3.03568 24.72433 24.72433
42.216246 42.216246 42.216186 42.216224 40.27909 40.27909 40.27909 40.27907 3.03568 0 24.72433 24.72433
42.216296 42.216296 42.216236 42.216274 40.27914 40.27914 40.27914 40.27912 24.72433 24.72433 0 12.086
42.216296 42.216296 42.216236 42.216274 40.27914 40.27914 40.27914 40.27912 24.72433 24.72433 12.086 0
