0 13.74022 13.74022 16.99085 29.421644 29.421644 29.42164 40.66616 83.304741 83.304741 83.30474 83.30474
13.74022 0 3.88966 16.99085 29.421644 29.421644 29.42164 40.66616 83.304741 83.304741 83.30474 83.30474
13.74022 3.88966 0 16.99085 29.421644 29.421644 29.42164 40.66616 83.304741 83.304741 83.30474 83.30474
16.99085 16.99085 16.99085 0 29.421654 29.421654 29.42165 40.66617 83.304751 83.304751 83.30475 83.30475
29.421644 29.421644 29.421644 29.421654 0 0.927828 8.325244 40.666164 83.304745 83.304745 83.304744 83.304744
29.421644 29.421644 29.421644 29.421654 0.927828 0 8.325244 40.666164 83.304745 83.304745 83.304744 83.304744
29.42164 29.42164 29.42164 29.42165 8.325244 8.325244 0 40.66616 83.304741 83.304741 83.30474 83.30474
40.66616 40.66616 40.66616 40.66617 40.666164 40.666164 40.66616 0 83.304781 83.304781 83.30478 83.30478
83.304741 83.304741 83.304741 83.304751 83.304745 83.304745 83.304741 83.304781 0 12.9409 13.995561 13.995561
83.304741 83.304741 83.304741 83.304751 83.304745 83.304745 83.304741 83.304781 12.9409 0 13.995561 13.995561
83.30474 83.30474 83.30474 83.30475 83.304744 83.304744 83.30474 83.30478 13.995561 13.995561 0 4.71108
83.30474 83.30474 83.30474 83.30475 83.304744 83.304744 83.30474 83.30478 13.995561 13.995561 4.71108 0
