0 123.62634 123.626344 123.626344 123.626342 123.626342 123.62639 123.626434 123.626434 123.626434 123.626414 123.626414
123.62634 0 14.020704 14.020704 14.020702 14.020702 115.94155 115.941594 115.941594 115.941594 115.941574 115.941574
123.626344 14.020704 0 5.04434 5.742086 5.742086 115.941554 115.941598 115.941598 115.941598 115.941578 115.941578
123.626344 14.020704 5.04434 0 5.742086 5.742086 115.941554 115.941598 115.941598 115.941598 115.941578 115.941578
123.626342 14.020702 5.742086 5.742086 0 0.892524 115.941552 115.941596 115.941596 115.941596 115.941576 115.941576
123.626342 14.020702 5.742086 5.742086 0.892524 0 115.941552 115.941596 115.941596 115.941596 115.941576 115.941576
123.62639 115.94155 115.941554 115.941554 115.941552 115.941552 0 95.688844 95.688844 95.688844 95.688824 95.688824
123.626434 115.941594 115.941598 115.941598 115.941596 115.941596 95.688844 0 18.2549 28.8844 38.79642 93.69102
123.626434 115.941594 115.941598 115.941598 115.941596 115.941596 95.688844 18.2549 0 28.8844 38.79642 93.69102
123.626434 115.941594 115.941598 115.941598 115.941596 115.941596 95.688844 28.8844 28.8844 0 38.79642 93.69102
123.626414 115.941574 115.941578 115.941578 115.941576 115.941576 95.688824 38.79642 38.79642 38.79642 0 93.691
123.626414 115.941574 115.941578 115.941578 115.941576 115.941576 95.688824 93.69102 93.69102 93.69102 93.691 0
