0 17.58148 17.581482 17.581482 17.581472 17.581475 17.581475 17.581472 39.154225 39.154225 39.15422 39.15422
17.58148 0 13.305302 13.305302 13.305292 13.305295 13.305295 13.305292 39.154225 39.154225 39.15422 39.15422
17.581482 13.305302 0 7.74006 12.40731 12.407313 12.407313 12.40731 39.154227 39.154227 39.154222 39.154222
17.581482 13.305302 7.74006 0 12.40731 12.407313 12.407313 12.40731 39.154227 39.154227 39.154222 39.154222
17.581472 13.305292 12.40731 12.40731 0 4.246683 4.246683 10.39712 39.154217 39.154217 39.154212 39.154212
17.581475 13.305295 12.407313 12.407313 4.246683 0 1.945806 10.397123 39.15422 39.15422 39.154215 39.154215
17.581475 13.305295 12.407313 12.407313 4.246683 1.945806 0 10.397123 39.15422 39.15422 39.154215 39.154215
17.581472 13.305292 12.40731 12.40731 10.39712 10.397123 10.397123 0 39.154217 39.154217 39.154212 39.154212
39.154225 39.154225 39.154227 39.154227 39.154217 39.15422 39.15422 39.154217 0 11.39446 12.799165 12.799165
39.154225 39.154225 39.154227 39.154227 39.154217 39.15422 39.15422 39.154217 11.39446 0 12.799165 12.799165
39.15422 39.15422 39.154222 39.154222 39.154212 39.154215 39.154215 39.154212 12.799165 12.799165 0 10.15394
39.15422 39.15422 39.154222 39.154222 39.154212 39.154215 39.154215 39.154212 12.799165 12.799165 10.15394 0
