0 162.0005 162.0006 162.000612 162.000572 162.000572 162.000582 162.000542 162.000541 162.000541 162.000542 162.000542
162.0005 0 89.2027 89.202712 89.202672 89.202672 89.202682 89.202642 89.202641 89.202641 89.202642 89.202642
162.0006 89.2027 0 46.720012 46.719972 46.719972 46.719982 46.719942 46.719941 46.719941 46.719942 46.719942
162.000612 89.202712 46.720012 0 26.90096 26.90096 26.90097 44.91795 44.917949 44.917949 44.91795 44.91795
162.000572 89.202672 46.719972 26.90096 0 4.1303 13.95121 44.91791 44.917909 44.917909 44.91791 44.91791
162.000572 89.202672 46.719972 26.90096 4.1303 0 13.95121 44.91791 44.917909 44.917909 44.91791 44.91791
162.000582 89.202682 46.719982 26.90097 13.95121 13.95121 0 44.91792 44.917919 44.917919 44.91792 44.91792
162.000542 89.202642 46.719942 44.91795 44.91791 44.91791 44.91792 0 9.272599 9.272599 9.2726 30.6076
162.000541 89.202641 46.719941 44.917949 44.917909 44.917909 44.917919 9.272599 0 0.706998 6.465799 30.607599
162.000541 89.202641 46.719941 44.917949 44.917909 44.917909 44.917919 9.272599 0.706998 0 6.465799 30.607599
162.000542 89.202642 46.719942 44.91795 44.91791 44.91791 44.91792 9.2726 6.465799 6.465799 0 30.6076
162.000542 89.202642 46.719942 44.91795 44.91791 44.91791 44.91792 30.6076 30.607599 30.607599 30.6076 0
