0 19.8494 52.955397 52.955397 52.955397 52.95539 52.9553868 52.9553868 52.955427 52.955427 52.95543 92.7449
19.8494 0 52.955397 52.955397 52.955397 52.95539 52.9553868 52.9553868 52.955427 52.955427 52.95543 92.7449
52.955397 52.955397 0 10.28252 10.28252 10.801287 10.8012838 10.8012838 25.136624 25.136624 25.136627 92.744897
52.955397 52.955397 10.28252 0 3.85486 10.801287 10.8012838 10.8012838 25.136624 25.136624 25.136627 92.744897
52.955397 52.955397 10.28252 3.85486 0 10.801287 10.8012838 10.8012838 25.136624 25.136624 25.136627 92.744897
52.95539 52.95539 10.801287 10.801287 10.801287 0 5.2551768 5.2551768 25.136617 25.136617 25.13662 92.74489
52.9553868 52.9553868 10.8012838 10.8012838 10.8012838 5.2551768 0 0.0237136 25.1366138 25.1366138 25.1366168 92.7448868
52.9553868 52.9553868 10.8012838 10.8012838 10.8012838 5.2551768 0.0237136 0 25.1366138 25.1366138 25.1366168 92.7448868
52.955427 52.955427 25.136624 25.136624 25.136624 25.136617 25.1366138 25.1366138 0 2.35882 3.340857 92.744927
52.955427 52.955427 25.136624 25.136624 25.136624 25.136617 25.1366138 25.1366138 2.35882 0 3.340857 92.744927
52.95543 52.95543 25.136627 25.136627 25.136627 25.13662 25.1366168 25.1366168 3.340857 3.340857 0 92.74493
92.7449 92.7449 92.744897 92.744897 92.744897 92.74489 92.7448868 92.7448868 92.744927 92.744927 92.74493 0
