0 6.76284 55.6606 55.6606 55.66064 55.66064 55.66064 55.66065 67.22337 67.2234 67.22333 67.22333
6.76284 0 55.6606 55.6606 55.66064 55.66064 55.66064 55.66065 67.22337 67.2234 67.22333 67.22333
55.6606 55.6606 0 31.3766 40.30632 40.30632 40.30632 46.92855 67.22333 67.22336 67.22329 67.22329
55.6606 55.6606 31.3766 0 40.30632 40.30632 40.30632 46.92855 67.22333 67.22336 67.22329 67.22329
55.66064 55.66064 40.30632 40.30632 0 8.21316 8.21316 46.92859 67.22337 67.2234 67.22333 67.22333
55.66064 55.66064 40.30632 40.30632 8.21316 0 5.15004 46.92859 67.22337 67.2234 67.22333 67.22333
55.66064 55.66064 40.30632 40.30632 8.21316 5.15004 0 46.92859 67.22337 67.2234 67.22333 67.22333
55.66065 55.66065 46.92855 46.92855 46.92859 46.92859 46.92859 0 67.22338 67.22341 67.22334 67.22334
67.22337 67.22337 67.22333 67.22333 67.22337 67.22337 67.22337 67.22338 0 34.95763 34.95756 34.95756
67.2234 67.2234 67.22336 67.22336 67.2234 67.2234 67.2234 67.22341 34.95763 0 32.26333 32.26333
67.22333 67.22333 67.22329 67.22329 67.22333 67.22333 67.22333 67.22334 34.95756 32.26333 0 31.8644
67.22333 67.22333 67.22329 67.22329 67.22333 67.22333 67.22333 67.22334 34.95756 32.26333 31.8644 0
