0 64.6694 120.2516 180.09834 180.09834 180.09834 180.098361 180.098361 180.09836 180.09834 180.09834 180.09834
64.6694 0 120.2516 180.09834 180.09834 180.09834 180.098361 180.098361 180.09836 180.09834 180.09834 180.09834
120.2516 120.2516 0 180.09834 180.09834 180.09834 180.098361 180.098361 180.09836 180.09834 180.09834 180.09834
180.09834 180.09834 180.09834 0 83.1098 83.1098 177.835421 177.835421 177.83542 177.8354 177.8354 177.8354
180.09834 180.09834 180.09834 83.1098 0 25.4754 177.835421 177.835421 177.83542 177.8354 177.8354 177.8354
180.09834 180.09834 180.09834 83.1098 25.4754 0 177.835421 177.835421 177.83542 177.8354 177.8354 177.8354
180.098361 180.098361 180.098361 177.835421 177.835421 177.835421 0 1.738832 2.231901 21.649821 111.829421 111.829421
180.098361 180.098361 180.098361 177.835421 177.835421 177.835421 1.738832 0 2.231901 21.649821 111.829421 111.829421
180.09836 180.09836 180.09836 177.83542 177.83542 177.83542 2.231901 2.231901 0 21.64982 111.82942 111.82942
180.09834 180.09834 180.09834 177.8354 177.8354 177.8354 21.649821 21.649821 21.64982 0 111.8294 111.8294
180.09834 180.09834 180.09834 177.8354 177.8354 177.8354 111.829421 111.829421 111.82942 111.8294 0 68.0824
180.09834 180.09834 180.09834 177.8354 177.8354 177.8354 111.829421 111.829421 111.82942 111.8294 68.0824 0
