0 16.91818 67.06274 67.062737 67.062737 90.10813 90.108131 90.108131 90.10813 90.10813 90.108125 90.108125
16.91818 0 67.06274 67.062737 67.062737 90.10813 90.108131 90.108131 90.10813 90.10813 90.108125 90.108125
67.06274 67.06274 0 3.249097 3.249097 90.10809 90.108091 90.108091 90.10809 90.10809 90.108085 90.108085
67.062737 67.062737 3.249097 0 1.90981 90.108087 90.108088 90.108088 90.108087 90.108087 90.108082 90.108082
67.062737 67.062737 3.249097 1.90981 0 90.108087 90.108088 90.108088 90.108087 90.108087 90.108082 90.108082
90.10813 90.10813 90.10809 90.108087 90.108087 0 12.301681 12.301681 63.53368 63.53368 63.533675 63.533675
90.108131 90.108131 90.108091 90.108088 90.108088 12.301681 0 0.619642 63.533681 63.533681 63.533676 63.533676
90.108131 90.108131 90.108091 90.108088 90.108088 12.301681 0.619642 0 63.533681 63.533681 63.533676 63.533676
90.10813 90.10813 90.10809 90.108087 90.108087 63.53368 63.533681 63.533681 0 19.65348 19.653475 19.653475
90.10813 90.10813 90.10809 90.108087 90.108087 63.53368 63.533681 63.533681 19.65348 0 15.352675 15.352675
90.108125 90.108125 90.108085 90.108082 90.108082 63.533675 63.533676 63.533676 19.653475 15.352675 0 0.97841
90.108125 90.108125 90.108085 90.108082 90.108082 63.533675 63.533676 63.533676 19.653475 15.352675 0.97841 0
