0 63.767417 63.767417 63.767417 94.9928 104.508869 104.508869 160.49469 160.49469 160.4948 160.49478 160.49478
63.767417 0 41.8302 63.0978 94.992817 104.508886 104.508886 160.494707 160.494707 160.494817 160.494797 160.494797
63.767417 41.8302 0 63.0978 94.992817 104.508886 104.508886 160.494707 160.494707 160.494817 160.494797 160.494797
63.767417 63.0978 63.0978 0 94.992817 104.508886 104.508886 160.494707 160.494707 160.494817 160.494797 160.494797
94.9928 94.992817 94.992817 94.992817 0 104.508869 104.508869 160.49469 160.49469 160.4948 160.49478 160.49478
104.508869 104.508886 104.508886 104.508886 104.508869 0 1.690538 160.494759 160.494759 160.494869 160.494849 160.494849
104.508869 104.508886 104.508886 104.508886 104.508869 1.690538 0 160.494759 160.494759 160.494869 160.494849 160.494849
160.49469 160.494707 160.494707 160.494707 160.49469 160.494759 160.494759 0 16.75918 48.86329 48.86327 48.86327
160.49469 160.494707 160.494707 160.494707 160.49469 160.494759 160.494759 16.75918 0 48.86329 48.86327 48.86327
160.4948 160.494817 160.494817 160.494817 160.4948 160.494869 160.494869 48.86329 48.86329 0 22.53498 22.53498
160.49478 160.494797 160.494797 160.494797 160.49478 160.494849 160.494849 48.86327 48.86327 22.53498 0 10.89472
160.49478 160.494797 160.494797 160.494797 160.49478 160.494849 160.494849 48.86327 48.86327 22.53498 10.89472 0
