0 52.74976 52.74976 52.74973 60.1562 213.43776 213.437758 213.437758 213.43779 213.43779 213.437787 213.437787
52.74976 0 31.753 47.06243 60.15616 213.43772 213.437718 213.437718 213.43775 213.43775 213.437747 213.437747
52.74976 31.753 0 47.06243 60.15616 213.43772 213.437718 213.437718 213.43775 213.43775 213.437747 213.437747
52.74973 47.06243 47.06243 0 60.15613 213.43769 213.437688 213.437688 213.43772 213.43772 213.437717 213.437717
60.1562 60.15616 60.15616 60.15613 0 213.43776 213.437758 213.437758 213.43779 213.43779 213.437787 213.437787
213.43776 213.43772 213.43772 213.43769 213.43776 0 10.247718 10.247718 53.81855 53.81855 53.818547 53.818547
213.437758 213.437718 213.437718 213.437688 213.437758 10.247718 0 0.371136 53.818548 53.818548 53.818545 53.818545
213.437758 213.437718 213.437718 213.437688 213.437758 10.247718 0.371136 0 53.818548 53.818548 53.818545 53.818545
213.43779 213.43775 213.43775 213.43772 213.43779 53.81855 53.818548 53.818548 0 13.63958 13.639577 13.639577
213.43779 213.43775 213.43775 213.43772 213.43779 53.81855 53.818548 53.818548 13.63958 0 8.593037 8.593037
213.437787 213.437747 213.437747 213.437717 213.437787 53.818547 53.818545 53.818545 13.639577 8.593037 0 1.108074
213.437787 213.437747 213.437747 213.437717 213.437787 53.818547 53.818545 53.818545 13.639577 8.593037 1.108074 0
