0 17.9144 34.804887 34.804887 34.80489 45.498535 45.498535 57.26393 57.26387 57.26393 57.26393 57.26386
17.9144 0 34.804887 34.804887 34.80489 45.498535 45.498535 57.26393 57.26387 57.26393 57.26393 57.26386
34.804887 34.804887 0 8.9036 9.495097 45.498542 45.498542 57.263937 57.263877 57.263937 57.263937 57.263867
34.804887 34.804887 8.9036 0 9.495097 45.498542 45.498542 57.263937 57.263877 57.263937 57.263937 57.263867
34.80489 34.80489 9.495097 9.495097 0 45.498545 45.498545 57.26394 57.26388 57.26394 57.26394 57.26387
45.498535 45.498535 45.498542 45.498542 45.498545 0 1.19113 57.263925 57.263865 57.263925 57.263925 57.263855
45.498535 45.498535 45.498542 45.498542 45.498545 1.19113 0 57.263925 57.263865 57.263925 57.263925 57.263855
57.26393 57.26393 57.263937 57.263937 57.26394 57.263925 57.263925 0 39.41954 39.4196 39.4196 39.41953
57.26387 57.26387 57.263877 57.263877 57.26388 57.263865 57.263865 39.41954 0 27.18906 27.18906 36.31241
57.26393 57.26393 57.263937 57.263937 57.26394 57.263925 57.263925 39.4196 27.18906 0 0.74212 36.31247
57.26393 57.26393 57.263937 57.263937 57.26394 57.263925 57.263925 39.4196 27.18906 0.74212 0 36.31247
57.26386 57.26386 57.263867 57.263867 57.26387 57.263855 57.263855 39.41953 36.31241 36.31247 36.31247 0
