0 42.0684 62.34644 62.34644 145.04025 145.04024 145.04024 145.04025 145.040231 145.040231 145.040251 145.04021
42.0684 0 62.34644 62.34644 145.04025 145.04024 145.04024 145.04025 145.040231 145.040231 145.040251 145.04021
62.34644 62.34644 0 10.21728 145.04029 145.04028 145.04028 145.04029 145.040271 145.040271 145.040291 145.04025
62.34644 62.34644 10.21728 0 145.04029 145.04028 145.04028 145.04029 145.040271 145.040271 145.040291 145.04025
145.04025 145.04025 145.04029 145.04029 0 8.31001 8.31001 12.25808 93.503261 93.503261 93.503281 125.31784
145.04024 145.04024 145.04028 145.04028 8.31001 0 5.58198 12.25807 93.503251 93.503251 93.503271 125.31783
145.04024 145.04024 145.04028 145.04028 8.31001 5.58198 0 12.25807 93.503251 93.503251 93.503271 125.31783
145.04025 145.04025 145.04029 145.04029 12.25808 12.25807 12.25807 0 93.503261 93.503261 93.503281 125.31784
145.040231 145.040231 145.040271 145.040271 93.503261 93.503251 93.503251 93.503261 0 2.69916 93.08818 125.317821
145.040231 145.040231 145.040271 145.040271 93.503261 93.503251 93.503251 93.503261 2.69916 0 93.08818 125.317821
145.040251 145.040251 145.040291 145.040291 93.503281 93.503271 93.503271 93.503281 93.08818 93.08818 0 125.317841
145.04021 145.04021 145.04025 145.04025 125.31784 125.31783 125.31783 125.31784 125.317821 125.317821 125.317841 0
