0 8.6142 11.63886 23.33247 23.33247 23.938557 23.938547 23.938547 23.938547 66.551987 66.551987 66.551977
8.6142 0 11.63886 23.33247 23.33247 23.938557 23.938547 23.938547 23.938547 66.551987 66.551987 66.551977
11.63886 11.63886 0 23.33247 23.33247 23.938557 23.938547 23.938547 23.938547 66.551987 66.551987 66.551977
23.33247 23.33247 23.33247 0 17.23204 23.938547 23.938537 23.938537 23.938537 66.551977 66.551977 66.551967
23.33247 23.33247 23.33247 17.23204 0 23.938547 23.938537 23.938537 23.938537 66.551977 66.551977 66.551967
23.938557 23.938557 23.938557 23.938547 23.938547 0 15.65599 15.65599 18.22163 66.55199 66.55199 66.55198
23.938547 23.938547 23.938547 23.938537 23.938537 15.65599 0 3.41554 18.22162 66.55198 66.55198 66.55197
23.938547 23.938547 23.938547 23.938537 23.938537 15.65599 3.41554 0 18.22162 66.55198 66.55198 66.55197
23.938547 23.938547 23.938547 23.938537 23.938537 18.22163 18.22162 18.22162 0 66.55198 66.55198 66.55197
66.551987 66.551987 66.551987 66.551977 66.551977 66.55199 66.55198 66.55198 66.55198 0 3.3539 20.57701
66.551987 66.551987 66.551987 66.551977 66.551977 66.55199 66.55198 66.55198 66.55198 3.3539 0 20.57701
66.551977 66.551977 66.551977 66.551967 66.551967 66.55198 66.55197 66.55197 66.55197 20.57701 20.57701 0
