0 19.25343 19.25343 19.864822 19.864832 19.86483 19.86483 19.864832 19.864832 19.864822 19.864822 19.864822
19.25343 0 12.5478 19.864812 19.864822 19.86482 19.86482 19.864822 19.864822 19.864812 19.864812 19.864812
19.25343 12.5478 0 19.864812 19.864822 19.86482 19.86482 19.864822 19.864822 19.864812 19.864812 19.864812
19.864822 19.864812 19.864812 0 7.09515 7.095148 7.095148 14.18771 14.18771 14.1877 14.1877 14.1877
19.864832 19.864822 19.864822 7.09515 0 2.617578 2.617578 14.18772 14.18772 14.18771 14.18771 14.18771
19.86483 19.86482 19.86482 7.095148 2.617578 0 1.054402 14.187718 14.187718 14.187708 14.187708 14.187708
19.86483 19.86482 19.86482 7.095148 2.617578 1.054402 0 14.187718 14.187718 14.187708 14.187708 14.187708
19.864832 19.864822 19.864822 14.18771 14.18772 14.187718 14.187718 0 6.98142 10.31901 10.31901 10.53739
19.864832 19.864822 19.864822 14.18771 14.18772 14.187718 14.187718 6.98142 0 10.31901 10.31901 10.53739
19.864822 19.864812 19.864812 14.1877 14.18771 14.187708 14.187708 10.31901 10.31901 0 2.0408 10.53738
19.864822 19.864812 19.864812 14.1877 14.18771 14.187708 14.187708 10.31901 10.31901 2.0408 0 10.53738
19.864822 19.864812 19.864812 14.1877 14.18771 14.187708 14.187708 10.53739 10.53739 10.53738 10.53738 0
