0 25.7848 78.84296 78.84296 78.84298 78.842979 78.842982 78.842982 78.84297 78.84298 78.84298 78.84304
25.7848 0 78.84296 78.84296 78.84298 78.842979 78.842982 78.842982 78.84297 78.84298 78.84298 78.84304
78.84296 78.84296 0 36.3344 71.52422 71.524219 71.524222 71.524222 71.52421 71.52422 71.52422 71.52428
78.84296 78.84296 36.3344 0 71.52422 71.524219 71.524222 71.524222 71.52421 71.52422 71.52422 71.52428
78.84298 78.84298 71.52422 71.52422 0 12.258339 12.258342 12.258342 30.84407 30.84408 30.84408 57.68714
78.842979 78.842979 71.524219 71.524219 12.258339 0 10.489923 10.489923 30.844069 30.844079 30.844079 57.687139
78.842982 78.842982 71.524222 71.524222 12.258342 10.489923 0 0.249126 30.844072 30.844082 30.844082 57.687142
78.842982 78.842982 71.524222 71.524222 12.258342 10.489923 0.249126 0 30.844072 30.844082 30.844082 57.687142
78.84297 78.84297 71.52421 71.52421 30.84407 30.844069 30.844072 30.844072 0 19.66523 19.66523 57.68713
78.84298 78.84298 71.52422 71.52422 30.84408 30.844079 30.844082 30.844082 19.66523 0 6.8538 57.68714
78.84298 78.84298 71.52422 71.52422 30.84408 30.844079 30.844082 30.844082 19.66523 6.8538 0 57.68714
78.84304 78.84304 71.52428 71.52428 57.68714 57.687139 57.687142 57.687142 57.68713 57.68714 57.68714 0
