0 35.5872 71.391014 71.391014 71.391023 71.390993 71.390993 71.39102 71.39106 71.39106 76.3152013 76.3152013
35.5872 0 71.391014 71.391014 71.391023 71.390993 71.390993 71.39102 71.39106 71.39106 76.3152013 76.3152013
71.391014 71.391014 0 1.718242 4.418551 20.162221 41.631021 43.224394 64.119634 64.119634 76.3152153 76.3152153
71.391014 71.391014 1.718242 0 4.418551 20.162221 41.631021 43.224394 64.119634 64.119634 76.3152153 76.3152153
71.391023 71.391023 4.418551 4.418551 0 20.16223 41.63103 43.224403 64.119643 64.119643 76.3152243 76.3152243
71.390993 71.390993 20.162221 20.162221 20.16223 0 41.631 43.224373 64.119613 64.119613 76.3151943 76.3151943
71.390993 71.390993 41.631021 41.631021 41.63103 41.631 0 43.224373 64.119613 64.119613 76.3151943 76.3151943
71.39102 71.39102 43.224394 43.224394 43.224403 43.224373 43.224373 0 64.11964 64.11964 76.3152213 76.3152213
71.39106 71.39106 64.119634 64.119634 64.119643 64.119613 64.119613 64.11964 0 5.29648 76.3152613 76.3152613
71.39106 71.39106 64.119634 64.119634 64.119643 64.119613 64.119613 64.11964 5.29648 0 76.3152613 76.3152613
76.3152013 76.3152013 76.3152153 76.3152153 76.3152243 76.3151943 76.3151943 76.3152213 76.3152613 76.3152613 0 0.0456226
76.3152013 76.3152013 76.3152153 76.3152153 76.3152243 76.3151943 76.3151943 76.3152213 76.3152613 76.3152613 0.0456226 0
