0 43.96519 43.96523 43.9652319 43.9652319 43.96524 43.96524 43.96523 43.96523 43.96523 43.96523 51.07798
43.96519 0 35.44164 35.4416419 35.4416419 35.44165 35.44165 35.44164 35.44164 35.44164 35.44164 51.07797
43.96523 35.44164 0 28.6100019 28.6100019 28.61001 28.61001 33.21276 33.21276 33.21276 33.21276 51.07801
43.9652319 35.4416419 28.6100019 0 0.0236038 15.0701319 15.0701319 33.2127619 33.2127619 33.2127619 33.2127619 51.0780119
43.9652319 35.4416419 28.6100019 0.0236038 0 15.0701319 15.0701319 33.2127619 33.2127619 33.2127619 33.2127619 51.0780119
43.96524 35.44165 28.61001 15.0701319 15.0701319 0 2.61702 33.21277 33.21277 33.21277 33.21277 51.07802
43.96524 35.44165 28.61001 15.0701319 15.0701319 2.61702 0 33.21277 33.21277 33.21277 33.21277 51.07802
43.96523 35.44164 33.21276 33.2127619 33.2127619 33.21277 33.21277 0 7.69404 27.1287 27.1287 51.07801
43.96523 35.44164 33.21276 33.2127619 33.2127619 33.21277 33.21277 7.69404 0 27.1287 27.1287 51.07801
43.96523 35.44164 33.21276 33.2127619 33.2127619 33.21277 33.21277 27.1287 27.1287 0 15.98072 51.07801
43.96523 35.44164 33.21276 33.2127619 33.2127619 33.21277 33.21277 27.1287 27.1287 15.98072 0 51.07801
51.07798 51.07797 51.07801 51.0780119 51.0780119 51.07802 51.07802 51.07801 51.07801 51.07801 51.07801 0
