0 29.269427 29.269447 29.269447 71.70911 71.70903 71.70903 71.709076 71.709076 71.709076 71.709096 71.70903
29.269427 0 27.68402 27.68402 71.709137 71.709057 71.709057 71.709103 71.709103 71.709103 71.709123 71.709057
29.269447 27.68402 0 16.51428 71.709157 71.709077 71.709077 71.709123 71.709123 71.709123 71.709143 71.709077
29.269447 27.68402 16.51428 0 71.709157 71.709077 71.709077 71.709123 71.709123 71.709123 71.709143 71.709077
71.70911 71.709137 71.709157 71.709157 0 56.43012 56.43012 56.430166 56.430166 56.430166 56.430186 56.43012
71.70903 71.709057 71.709077 71.709077 56.43012 0 5.611 49.806246 49.806246 49.806246 49.806266 49.8062
71.70903 71.709057 71.709077 71.709077 56.43012 5.611 0 49.806246 49.806246 49.806246 49.806266 49.8062
71.709076 71.709103 71.709123 71.709123 56.430166 49.806246 49.806246 0 16.65336 16.65336 23.89538 24.770846
71.709076 71.709103 71.709123 71.709123 56.430166 49.806246 49.806246 16.65336 0 13.98138 23.89538 24.770846
71.709076 71.709103 71.709123 71.709123 56.430166 49.806246 49.806246 16.65336 13.98138 0 23.89538 24.770846
71.709096 71.709123 71.709143 71.709143 56.430186 49.806266 49.806266 23.89538 23.89538 23.89538 0 24.770866
71.70903 71.709057 71.709077 71.709077 56.43012 49.8062 49.8062 24.770846 24.770846 24.770846 24.770866 0
