0 56.9904 92.60138 92.60145 92.60144 92.60144 104.256 144.049 215.5243 215.5243 215.52435 215.52435
56.9904 0 92.60138 92.60145 92.60144 92.60144 104.256 144.049 215.5243 215.5243 215.52435 215.52435
92.60138 92.60138 0 75.63207 75.63206 75.63206 104.25598 144.04898 215.52428 215.52428 215.52433 215.52433
92.60145 92.60145 75.63207 0 12.71313 12.71313 104.25605 144.04905 215.52435 215.52435 215.5244 215.5244
92.60144 92.60144 75.63206 12.71313 0 2.07744 104.25604 144.04904 215.52434 215.52434 215.52439 215.52439
92.60144 92.60144 75.63206 12.71313 2.07744 0 104.25604 144.04904 215.52434 215.52434 215.52439 215.52439
104.256 104.256 104.25598 104.25605 104.25604 104.25604 0 144.049 215.5243 215.5243 215.52435 215.52435
144.049 144.049 144.04898 144.04905 144.04904 144.04904 144.049 0 215.5243 215.5243 215.52435 215.52435
215.5243 215.5243 215.52428 215.52435 215.52434 215.52434 215.5243 215.5243 0 170.9664 170.96645 170.96645
215.5243 215.5243 215.52428 215.52435 215.52434 215.52434 215.5243 215.5243 170.9664 0 105.26645 105.26645
215.52435 215.52435 215.52433 215.5244 215.52439 215.52439 215.52435 215.52435 170.96645 105.26645 0 13.1361
215.52435 215.52435 215.52433 215.5244 215.52439 215.52439 215.52435 215.52435 170.96645 105.26645 13.1361 0
