0 50.71403 50.714029 50.714029 50.71401 107.45682 107.4568 107.4568 107.45681 107.45681 107.45678 107.45678
50.71403 0 6.881839 6.881839 35.70422 107.45685 107.45683 107.45683 107.45684 107.45684 107.45681 107.45681
50.714029 6.881839 0 1.650298 35.704219 107.456849 107.456829 107.456829 107.456839 107.456839 107.456809 107.456809
50.714029 6.881839 1.650298 0 35.704219 107.456849 107.456829 107.456829 107.456839 107.456839 107.456809 107.456809
50.71401 35.70422 35.704219 35.704219 0 107.45683 107.45681 107.45681 107.45682 107.45682 107.45679 107.45679
107.45682 107.45685 107.456849 107.456849 107.45683 0 91.91058 91.91058 91.91059 91.91059 91.91056 91.91056
107.4568 107.45683 107.456829 107.456829 107.45681 91.91058 0 9.25446 22.74911 22.74911 30.47074 30.47074
107.4568 107.45683 107.456829 107.456829 107.45681 91.91058 9.25446 0 22.74911 22.74911 30.47074 30.47074
107.45681 107.45684 107.456839 107.456839 107.45682 91.91059 22.74911 22.74911 0 19.9008 30.47075 30.47075
107.45681 107.45684 107.456839 107.456839 107.45682 91.91059 22.74911 22.74911 19.9008 0 30.47075 30.47075
107.45678 107.45681 107.456809 107.456809 107.45679 91.91056 30.47074 30.47074 30.47075 30.47075 0 27.9924
107.45678 107.45681 107.456809 107.456809 107.45679 91.91056 30.47074 30.47074 30.47075 30.47075 27.9924 0
