0 7.01334 52.268741 52.268741 52.268741 52.268691 52.268691 52.268681 52.268701 52.268701 52.268705 52.268705
7.01334 0 52.268741 52.268741 52.268741 52.268691 52.268691 52.268681 52.268701 52.268701 52.268705 52.268705
52.268741 52.268741 0 10.1947 15.60712 26.65773 26.65773 46.02604 46.02606 46.02606 47.438886 47.438886
52.268741 52.268741 10.1947 0 15.60712 26.65773 26.65773 46.02604 46.02606 46.02606 47.438886 47.438886
52.268741 52.268741 15.60712 15.60712 0 26.65773 26.65773 46.02604 46.02606 46.02606 47.438886 47.438886
52.268691 52.268691 26.65773 26.65773 26.65773 0 23.459 46.02599 46.02601 46.02601 47.438836 47.438836
52.268691 52.268691 26.65773 26.65773 26.65773 23.459 0 46.02599 46.02601 46.02601 47.438836 47.438836
52.268681 52.268681 46.02604 46.02604 46.02604 46.02599 46.02599 0 32.97642 32.97642 47.438826 47.438826
52.268701 52.268701 46.02606 46.02606 46.02606 46.02601 46.02601 32.97642 0 5.49284 47.438846 47.438846
52.268701 52.268701 46.02606 46.02606 46.02606 46.02601 46.02601 32.97642 5.49284 0 47.438846 47.438846
52.268705 52.268705 47.438886 47.438886 47.438886 47.438836 47.438836 47.438826 47.438846 47.438846 0 0.42325
52.268705 52.268705 47.438886 47.438886 47.438886 47.438836 47.438836 47.438826 47.438846 47.438846 0.42325 0
