0 18.56544 18.56544 19.769987 19.769987 46.6305616 46.6305616 46.630517 46.630527 46.630528 46.630528 75.106797
18.56544 0 7.75376 19.769987 19.769987 46.6305616 46.6305616 46.630517 46.630527 46.630528 46.630528 75.106797
18.56544 7.75376 0 19.769987 19.769987 46.6305616 46.6305616 46.630517 46.630527 46.630528 46.630528 75.106797
19.769987 19.769987 19.769987 0 10.91176 46.6305546 46.6305546 46.63051 46.63052 46.630521 46.630521 75.10679
19.769987 19.769987 19.769987 10.91176 0 46.6305546 46.6305546 46.63051 46.63052 46.630521 46.630521 75.10679
46.6305616 46.6305616 46.6305616 46.6305546 46.6305546 0 0.1470892 33.0046446 38.8544746 38.8544756 38.8544756 75.1067646
46.6305616 46.6305616 46.6305616 46.6305546 46.6305546 0.1470892 0 33.0046446 38.8544746 38.8544756 38.8544756 75.1067646
46.630517 46.630517 46.630517 46.63051 46.63051 33.0046446 33.0046446 0 38.85443 38.854431 38.854431 75.10672
46.630527 46.630527 46.630527 46.63052 46.63052 38.8544746 38.8544746 38.85443 0 15.878641 15.878641 75.10673
46.630528 46.630528 46.630528 46.630521 46.630521 38.8544756 38.8544756 38.854431 15.878641 0 14.0512 75.106731
46.630528 46.630528 46.630528 46.630521 46.630521 38.8544756 38.8544756 38.854431 15.878641 14.0512 0 75.106731
75.106797 75.106797 75.106797 75.10679 75.10679 75.1067646 75.1067646 75.10672 75.10673 75.106731 75.106731 0
