0 9.29764 83.37586 83.37586 83.37586 118.80622 118.80625 118.80625 118.8062452 118.8062452 118.80629 118.80629
9.29764 0 83.37586 83.37586 83.37586 118.80622 118.80625 118.80625 118.8062452 118.8062452 118.80629 118.80629
83.37586 83.37586 0 0.61026 5.97968 118.80624 118.80627 118.80627 118.8062652 118.8062652 118.80631 118.80631
83.37586 83.37586 0.61026 0 5.97968 118.80624 118.80627 118.80627 118.8062652 118.8062652 118.80631 118.80631
83.37586 83.37586 5.97968 5.97968 0 118.80624 118.80627 118.80627 118.8062652 118.8062652 118.80631 118.80631
118.80622 118.80622 118.80624 118.80624 118.80624 0 48.27663 48.27663 48.2766252 48.2766252 93.27187 93.27187
118.80625 118.80625 118.80627 118.80627 118.80627 48.27663 0 7.59192 29.8981152 29.8981152 93.2719 93.2719
118.80625 118.80625 118.80627 118.80627 118.80627 48.27663 7.59192 0 29.8981152 29.8981152 93.2719 93.2719
118.8062452 118.8062452 118.8062652 118.8062652 118.8062652 48.2766252 29.8981152 29.8981152 0 29.7826 93.2718952 93.2718952
118.8062452 118.8062452 118.8062652 118.8062652 118.8062652 48.2766252 29.8981152 29.8981152 29.7826 0 93.2718952 93.2718952
118.80629 118.80629 118.80631 118.80631 118.80631 93.27187 93.2719 93.2719 93.2718952 93.2718952 0 82.4214
118.80629 118.80629 118.80631 118.80631 118.80631 93.27187 93.2719 93.2719 93.2718952 93.2718952 82.4214 0
