0 2.7022 5.4677808 5.4677808 155.64718 155.64718 155.647176 155.647176 155.64722 155.64719 155.64722 155.64722
2.7022 0 5.4677808 5.4677808 155.64718 155.64718 155.647176 155.647176 155.64722 155.64719 155.64722 155.64722
5.4677808 5.4677808 0 0.1662016 155.6471808 155.6471808 155.6471768 155.6471768 155.6472208 155.6471908 155.6472208 155.6472208
5.4677808 5.4677808 0.1662016 0 155.6471808 155.6471808 155.6471768 155.6471768 155.6472208 155.6471908 155.6472208 155.6472208
155.64718 155.64718 155.6471808 155.6471808 0 6.95818 124.326176 124.326176 124.32622 124.32619 124.32622 124.32622
155.64718 155.64718 155.6471808 155.6471808 6.95818 0 124.326176 124.326176 124.32622 124.32619 124.32622 124.32622
155.647176 155.647176 155.6471768 155.6471768 124.326176 124.326176 0 1.880112 45.109756 52.439986 119.094416 119.094416
155.647176 155.647176 155.6471768 155.6471768 124.326176 124.326176 1.880112 0 45.109756 52.439986 119.094416 119.094416
155.64722 155.64722 155.6472208 155.6472208 124.32622 124.32622 45.109756 45.109756 0 52.44003 119.09446 119.09446
155.64719 155.64719 155.6471908 155.6471908 124.32619 124.32619 52.439986 52.439986 52.44003 0 119.09443 119.09443
155.64722 155.64722 155.6472208 155.6472208 124.32622 124.32622 119.094416 119.094416 119.09446 119.09443 0 2.72126
155.64722 155.64722 155.6472208 155.6472208 124.32622 124.32622 119.094416 119.094416 119.09446 119.09443 2.72126 0
