0 26.7424 66.0876 66.0876 119.813281 119.813281 119.81333 119.81333 119.81329 119.813287 119.813287 119.81324
26.7424 0 66.0876 66.0876 119.813281 119.813281 119.81333 119.81333 119.81329 119.813287 119.813287 119.81324
66.0876 66.0876 0 31.6584 119.813281 119.813281 119.81333 119.81333 119.81329 119.813287 119.813287 119.81324
66.0876 66.0876 31.6584 0 119.813281 119.813281 119.81333 119.81333 119.81329 119.813287 119.813287 119.81324
119.813281 119.813281 119.813281 119.813281 0 0.576282 46.556131 46.556131 84.181691 84.181688 84.181688 116.052641
119.813281 119.813281 119.813281 119.813281 0.576282 0 46.556131 46.556131 84.181691 84.181688 84.181688 116.052641
119.81333 119.81333 119.81333 119.81333 46.556131 46.556131 0 17.79358 84.18174 84.181737 84.181737 116.05269
119.81333 119.81333 119.81333 119.81333 46.556131 46.556131 17.79358 0 84.18174 84.181737 84.181737 116.05269
119.81329 119.81329 119.81329 119.81329 84.181691 84.181691 84.18174 84.18174 0 69.273997 69.273997 116.05265
119.813287 119.813287 119.813287 119.813287 84.181688 84.181688 84.181737 84.181737 69.273997 0 1.609994 116.052647
119.813287 119.813287 119.813287 119.813287 84.181688 84.181688 84.181737 84.181737 69.273997 1.609994 0 116.052647
119.81324 119.81324 119.81324 119.81324 116.052641 116.052641 116.05269 116.05269 116.05265 116.052647 116.052647 0
