0 13.246313 13.246313 13.24631 81.751634 81.751634 81.751664 81.751654 81.751654 81.751694 81.751624 81.751624
13.246313 0 0.311906 5.393123 81.751647 81.751647 81.751677 81.751667 81.751667 81.751707 81.751637 81.751637
13.246313 0.311906 0 5.393123 81.751647 81.751647 81.751677 81.751667 81.751667 81.751707 81.751637 81.751637
13.24631 5.393123 5.393123 0 81.751644 81.751644 81.751674 81.751664 81.751664 81.751704 81.751634 81.751634
81.751634 81.751647 81.751647 81.751644 0 6.6891 80.19133 80.19132 80.19132 80.19136 80.19129 80.19129
81.751634 81.751647 81.751647 81.751644 6.6891 0 80.19133 80.19132 80.19132 80.19136 80.19129 80.19129
81.751664 81.751677 81.751677 81.751674 80.19133 80.19133 0 58.89799 58.89799 65.97915 65.97908 65.97908
81.751654 81.751667 81.751667 81.751664 80.19132 80.19132 58.89799 0 7.92998 65.97914 65.97907 65.97907
81.751654 81.751667 81.751667 81.751664 80.19132 80.19132 58.89799 7.92998 0 65.97914 65.97907 65.97907
81.751694 81.751707 81.751707 81.751704 80.19136 80.19136 65.97915 65.97914 65.97914 0 64.33953 64.33953
81.751624 81.751637 81.751637 81.751634 80.19129 80.19129 65.97908 65.97907 65.97907 64.33953 0 9.21286
81.751624 81.751637 81.751637 81.751634 80.19129 80.19129 65.97908 65.97907 65.97907 64.33953 9.21286 0
