0 40.926 55.78495 55.78495 93.09815 93.09807 93.09807 151.8251 151.8251 151.82508 151.82507 151.82507
40.926 0 55.78495 55.78495 93.09815 93.09807 93.09807 151.8251 151.8251 151.82508 151.82507 151.82507
55.78495 55.78495 0 31.898 93.0982 93.09812 93.09812 151.82515 151.82515 151.82513 151.82512 151.82512
55.78495 55.78495 31.898 0 93.0982 93.09812 93.09812 151.82515 151.82515 151.82513 151.82512 151.82512
93.09815 93.09815 93.0982 93.0982 0 45.31852 45.31852 151.82515 151.82515 151.82513 151.82512 151.82512
93.09807 93.09807 93.09812 93.09812 45.31852 0 2.00144 151.82507 151.82507 151.82505 151.82504 151.82504
93.09807 93.09807 93.09812 93.09812 45.31852 2.00144 0 151.82507 151.82507 151.82505 151.82504 151.82504
151.8251 151.8251 151.82515 151.82515 151.82515 151.82507 151.82507 0 17.43624 23.88762 37.71967 37.71967
151.8251 151.8251 151.82515 151.82515 151.82515 151.82507 151.82507 17.43624 0 23.88762 37.71967 37.71967
151.82508 151.82508 151.82513 151.82513 151.82513 151.82505 151.82505 23.88762 23.88762 0 37.71965 37.71965
151.82507 151.82507 151.82512 151.82512 151.82512 151.82504 151.82504 37.71967 37.71967 37.71965 0 32.448
151.82507 151.82507 151.82512 151.82512 151.82512 151.82504 151.82504 37.71967 37.71967 37.71965 32.448 0
