0 1.23217 112.941955 112.941955 168.837785 168.837805 168.837805 182.775289 182.775289 182.775345 182.775345 182.775345
1.23217 0 112.941955 112.941955 168.837785 168.837805 168.837805 182.775289 182.775289 182.775345 182.775345 182.775345
112.941955 112.941955 0 2.01414 168.83777 168.83779 168.83779 182.775274 182.775274 182.77533 182.77533 182.77533
112.941955 112.941955 2.01414 0 168.83777 168.83779 168.83779 182.775274 182.775274 182.77533 182.77533 182.77533
168.837785 168.837785 168.83777 168.83777 0 64.81842 64.81842 182.775304 182.775304 182.77536 182.77536 182.77536
168.837805 168.837805 168.83779 168.83779 64.81842 0 13.91704 182.775324 182.775324 182.77538 182.77538 182.77538
168.837805 168.837805 168.83779 168.83779 64.81842 13.91704 0 182.775324 182.775324 182.77538 182.77538 182.77538
182.775289 182.775289 182.775274 182.775274 182.775304 182.775324 182.775324 0 0.356228 40.013484 40.013484 40.013484
182.775289 182.775289 182.775274 182.775274 182.775304 182.775324 182.775324 0.356228 0 40.013484 40.013484 40.013484
182.775345 182.775345 182.77533 182.77533 182.77536 182.77538 182.77538 40.013484 40.013484 0 2.40814 4.73794
182.775345 182.775345 182.77533 182.77533 182.77536 182.77538 182.77538 40.013484 40.013484 2.40814 0 4.73794
182.775345 182.775345 182.77533 182.77533 182.77536 182.77538 182.77538 40.013484 40.013484 4.73794 4.73794 0
