0 5.25322 5.25322 17.13868 33.03878 36.66665 36.66669 36.66669 62.87493 126.80133 126.80137 126.80137
5.25322 0 3.16234 17.13868 33.03878 36.66665 36.66669 36.66669 62.87493 126.80133 126.80137 126.80137
5.25322 3.16234 0 17.13868 33.03878 36.66665 36.66669 36.66669 62.87493 126.80133 126.80137 126.80137
17.13868 17.13868 17.13868 0 33.03878 36.66665 36.66669 36.66669 62.87493 126.80133 126.80137 126.80137
33.03878 33.03878 33.03878 33.03878 0 36.66667 36.66671 36.66671 62.87495 126.80135 126.80139 126.80139
36.66665 36.66665 36.66665 36.66665 36.66667 0 29.69504 29.69504 62.87492 126.80132 126.80136 126.80136
36.66669 36.66669 36.66669 36.66669 36.66671 29.69504 0 4.74728 62.87496 126.80136 126.8014 126.8014
36.66669 36.66669 36.66669 36.66669 36.66671 29.69504 4.74728 0 62.87496 126.80136 126.8014 126.8014
62.87493 62.87493 62.87493 62.87493 62.87495 62.87492 62.87496 62.87496 0 126.8014 126.80144 126.80144
126.80133 126.80133 126.80133 126.80133 126.80135 126.80132 126.80136 126.80136 126.8014 0 60.70384 60.70384
126.80137 126.80137 126.80137 126.80137 126.80139 126.80136 126.8014 126.8014 126.80144 60.70384 0 17.98488
126.80137 126.80137 126.80137 126.80137 126.80139 126.80136 126.8014 126.8014 126.80144 60.70384 17.98488 0
