0 9.21494 55.99147 55.99148 55.99148 78.22172 78.22172 78.22172 78.22173 78.22171 78.22171 78.22171
9.21494 0 55.99147 55.99148 55.99148 78.22172 78.22172 78.22172 78.22173 78.22171 78.22171 78.22171
55.99147 55.99147 0 30.77301 30.77301 78.22165 78.22165 78.22165 78.22166 78.22164 78.22164 78.22164
55.99148 55.99148 30.77301 0 20.7144 78.22166 78.22166 78.22166 78.22167 78.22165 78.22165 78.22165
55.99148 55.99148 30.77301 20.7144 0 78.22166 78.22166 78.22166 78.22167 78.22165 78.22165 78.22165
78.22172 78.22172 78.22165 78.22166 78.22166 0 23.566 63.3098 63.30981 63.30979 63.30979 63.30979
78.22172 78.22172 78.22165 78.22166 78.22166 23.566 0 63.3098 63.30981 63.30979 63.30979 63.30979
78.22172 78.22172 78.22165 78.22166 78.22166 63.3098 63.3098 0 36.32921 36.32919 36.32919 36.32919
78.22173 78.22173 78.22166 78.22167 78.22167 63.30981 63.30981 36.32921 0 25.55818 25.55818 25.55818
78.22171 78.22171 78.22164 78.22165 78.22165 63.30979 63.30979 36.32919 25.55818 0 18.95344 18.95344
78.22171 78.22171 78.22164 78.22165 78.22165 63.30979 63.30979 36.32919 25.55818 18.95344 0 4.1333
78.22171 78.22171 78.22164 78.22165 78.22165 63.30979 63.30979 36.32919 25.55818 18.95344 4.1333 0
