0 14.588964 14.588964 37.720237 37.720187 37.720187 37.720187 37.720217 37.720217 62.05012 62.05012 62.05012
14.588964 0 1.008728 37.720241 37.720191 37.720191 37.720191 37.720221 37.720221 62.050124 62.050124 62.050124
14.588964 1.008728 0 37.720241 37.720191 37.720191 37.720191 37.720221 37.720221 62.050124 62.050124 62.050124
37.720237 37.720241 37.720241 0 27.26795 27.26795 27.26795 37.18276 37.18276 62.050197 62.050197 62.050197
37.720187 37.720191 37.720191 27.26795 0 17.37942 17.37942 37.18271 37.18271 62.050147 62.050147 62.050147
37.720187 37.720191 37.720191 27.26795 17.37942 0 8.6992 37.18271 37.18271 62.050147 62.050147 62.050147
37.720187 37.720191 37.720191 27.26795 17.37942 8.6992 0 37.18271 37.18271 62.050147 62.050147 62.050147
37.720217 37.720221 37.720221 37.18276 37.18271 37.18271 37.18271 0 29.994 62.050177 62.050177 62.050177
37.720217 37.720221 37.720221 37.18276 37.18271 37.18271 37.18271 29.994 0 62.050177 62.050177 62.050177
62.05012 62.050124 62.050124 62.050197 62.050147 62.050147 62.050147 62.050177 62.050177 0 7.56648 7.56648
62.05012 62.050124 62.050124 62.050197 62.050147 62.050147 62.050147 62.050177 62.050177 7.56648 0 4.5817
62.05012 62.050124 62.050124 62.050197 62.050147 62.050147 62.050147 62.050177 62.050177 7.56648 4.5817 0
