0 67.87118 67.87118 67.87118 67.87118 72.78143 72.78143 77.7136 77.7136 78.436272 78.436282 78.436282
67.87118 0 65.6942 65.6942 65.6942 72.78141 72.78141 77.71358 77.71358 78.436252 78.436262 78.436262
67.87118 65.6942 0 18.55374 21.8772 72.78141 72.78141 77.71358 77.71358 78.436252 78.436262 78.436262
67.87118 65.6942 18.55374 0 21.8772 72.78141 72.78141 77.71358 77.71358 78.436252 78.436262 78.436262
67.87118 65.6942 21.8772 21.8772 0 72.78141 72.78141 77.71358 77.71358 78.436252 78.436262 78.436262
72.78143 72.78141 72.78141 72.78141 72.78141 0 36.5332 77.71357 77.71357 78.436242 78.436252 78.436252
72.78143 72.78141 72.78141 72.78141 72.78141 36.5332 0 77.71357 77.71357 78.436242 78.436252 78.436252
77.7136 77.71358 77.71358 77.71358 77.71358 77.71357 77.71357 0 18.05234 78.436212 78.436222 78.436222
77.7136 77.71358 77.71358 77.71358 77.71358 77.71357 77.71357 18.05234 0 78.436212 78.436222 78.436222
78.436272 78.436252 78.436252 78.436252 78.436252 78.436242 78.436242 78.436212 78.436212 0 25.44361 25.44361
78.436282 78.436262 78.436262 78.436262 78.436262 78.436252 78.436252 78.436222 78.436222 25.44361 0 16.93688
78.436282 78.436262 78.436262 78.436262 78.436262 78.436252 78.436252 78.436222 78.436222 25.44361 16.93688 0
