0 36.90936 36.909364 36.909364 62.79014 62.79014 62.7901 63.145584 63.145634 63.145634 63.145654 63.145654
36.90936 0 16.612724 16.612724 62.7901 62.7901 62.79006 63.145544 63.145594 63.145594 63.145614 63.145614
36.909364 16.612724 0 0.286528 62.790104 62.790104 62.790064 63.145548 63.145598 63.145598 63.145618 63.145618
36.909364 16.612724 0.286528 0 62.790104 62.790104 62.790064 63.145548 63.145598 63.145598 63.145618 63.145618
62.79014 62.7901 62.790104 62.790104 0 16.10616 23.49164 63.145524 63.145574 63.145574 63.145594 63.145594
62.79014 62.7901 62.790104 62.790104 16.10616 0 23.49164 63.145524 63.145574 63.145574 63.145594 63.145594
62.7901 62.79006 62.790064 62.790064 23.49164 23.49164 0 63.145484 63.145534 63.145534 63.145554 63.145554
63.145584 63.145544 63.145548 63.145548 63.145524 63.145524 63.145484 0 39.95425 39.95425 56.06945 56.06945
63.145634 63.145594 63.145598 63.145598 63.145574 63.145574 63.145534 39.95425 0 22.7334 56.0695 56.0695
63.145634 63.145594 63.145598 63.145598 63.145574 63.145574 63.145534 39.95425 22.7334 0 56.0695 56.0695
63.145654 63.145614 63.145618 63.145618 63.145594 63.145594 63.145554 56.06945 56.0695 56.0695 0 2.14152
63.145654 63.145614 63.145618 63.145618 63.145594 63.145594 63.145554 56.06945 56.0695 56.0695 2.14152 0
