0 22.71003 22.71003 27.80771 27.80771 27.80771 182.98194 182.98194 182.98194 182.98194 182.98194 182.98194
22.71003 0 6.22048 27.80774 27.80774 27.80774 182.98197 182.98197 182.98197 182.98197 182.98197 182.98197
22.71003 6.22048 0 27.80774 27.80774 27.80774 182.98197 182.98197 182.98197 182.98197 182.98197 182.98197
27.80771 27.80774 27.80774 0 1.13826 14.57226 182.98197 182.98197 182.98197 182.98197 182.98197 182.98197
27.80771 27.80774 27.80774 1.13826 0 14.57226 182.98197 182.98197 182.98197 182.98197 182.98197 182.98197
27.80771 27.80774 27.80774 14.57226 14.57226 0 182.98197 182.98197 182.98197 182.98197 182.98197 182.98197
182.98194 182.98197 182.98197 182.98197 182.98197 182.98197 0 16.95136 16.95136 24.9256 24.9256 24.9256
182.98194 182.98197 182.98197 182.98197 182.98197 182.98197 16.95136 0 11.15874 24.9256 24.9256 24.9256
182.98194 182.98197 182.98197 182.98197 182.98197 182.98197 16.95136 11.15874 0 24.9256 24.9256 24.9256
182.98194 182.98197 182.98197 182.98197 182.98197 182.98197 24.9256 24.9256 24.9256 0 18.3057 18.3057
182.98194 182.98197 182.98197 182.98197 182.98197 182.98197 24.9256 24.9256 24.9256 18.3057 0 14.7924
182.98194 182.98197 182.98197 182.98197 182.98197 182.98197 24.9256 24.9256 24.9256 18.3057 14.7924 0
