0 2.87804 8.19732 8.197315 8.197315 36.05736 36.05736 36.05736 36.05736 36.05735 36.05735 36.05735
2.87804 0 8.19732 8.197315 8.197315 36.05736 36.05736 36.05736 36.05736 36.05735 36.05735 36.05735
8.19732 8.19732 0 5.191055 5.191055 36.05736 36.05736 36.05736 36.05736 36.05735 36.05735 36.05735
8.197315 8.197315 5.191055 0 1.11469 36.057355 36.057355 36.057355 36.057355 36.057345 36.057345 36.057345
8.197315 8.197315 5.191055 1.11469 0 36.057355 36.057355 36.057355 36.057355 36.057345 36.057345 36.057345
36.05736 36.05736 36.05736 36.057355 36.057355 0 17.08526 17.08526 17.08526 20.34561 32.24007 32.24007
36.05736 36.05736 36.05736 36.057355 36.057355 17.08526 0 13.2004 13.2004 20.34561 32.24007 32.24007
36.05736 36.05736 36.05736 36.057355 36.057355 17.08526 13.2004 0 10.27986 20.34561 32.24007 32.24007
36.05736 36.05736 36.05736 36.057355 36.057355 17.08526 13.2004 10.27986 0 20.34561 32.24007 32.24007
36.05735 36.05735 36.05735 36.057345 36.057345 20.34561 20.34561 20.34561 20.34561 0 32.24006 32.24006
36.05735 36.05735 36.05735 36.057345 36.057345 32.24007 32.24007 32.24007 32.24007 32.24006 0 15.50654
36.05735 36.05735 36.05735 36.057345 36.057345 32.24007 32.24007 32.24007 32.24007 32.24006 15.50654 0
