0 12.70066 12.70066 12.70067 12.70067 25.40296 121.85106 121.851147 121.851147 121.85112 121.85112 124.58207
12.70066 0 3.02014 9.23841 9.23841 25.40296 121.85106 121.851147 121.851147 121.85112 121.85112 124.58207
12.70066 3.02014 0 9.23841 9.23841 25.40296 121.85106 121.851147 121.851147 121.85112 121.85112 124.58207
12.70067 9.23841 9.23841 0 6.04312 25.40297 121.85107 121.851157 121.851157 121.85113 121.85113 124.58208
12.70067 9.23841 9.23841 6.04312 0 25.40297 121.85107 121.851157 121.851157 121.85113 121.85113 124.58208
25.40296 25.40296 25.40296 25.40297 25.40297 0 121.8511 121.851187 121.851187 121.85116 121.85116 124.58211
121.85106 121.85106 121.85106 121.85107 121.85107 121.8511 0 29.589287 29.589287 46.53886 46.53886 124.58201
121.851147 121.851147 121.851147 121.851157 121.851157 121.851187 29.589287 0 0.987174 46.538947 46.538947 124.582097
121.851147 121.851147 121.851147 121.851157 121.851157 121.851187 29.589287 0.987174 0 46.538947 46.538947 124.582097
121.85112 121.85112 121.85112 121.85113 121.85113 121.85116 46.53886 46.538947 46.538947 0 36.8296 124.58207
121.85112 121.85112 121.85112 121.85113 121.85113 121.85116 46.53886 46.538947 46.538947 36.8296 0 124.58207
124.58207 124.58207 124.58207 124.58208 124.58208 124.58211 124.58201 124.582097 124.582097 124.58207 124.58207 0
