0 59.37861 59.37865 59.37865 59.37865 59.37862 59.378675 59.378675 59.37868 59.3786762 59.3786762 59.37868
59.37861 0 49.30984 49.30984 49.30984 49.30981 49.309865 49.309865 49.30987 49.3098662 49.3098662 49.30987
59.37865 49.30984 0 4.7462 25.8672 38.17103 41.125365 41.125365 41.12537 41.1253662 41.1253662 41.12537
59.37865 49.30984 4.7462 0 25.8672 38.17103 41.125365 41.125365 41.12537 41.1253662 41.1253662 41.12537
59.37865 49.30984 25.8672 25.8672 0 38.17103 41.125365 41.125365 41.12537 41.1253662 41.1253662 41.12537
59.37862 49.30981 38.17103 38.17103 38.17103 0 41.125335 41.125335 41.12534 41.1253362 41.1253362 41.12534
59.378675 49.309865 41.125365 41.125365 41.125365 41.125335 0 0.60485 3.089815 13.2411912 13.2411912 17.508795
59.378675 49.309865 41.125365 41.125365 41.125365 41.125335 0.60485 0 3.089815 13.2411912 13.2411912 17.508795
59.37868 49.30987 41.12537 41.12537 41.12537 41.12534 3.089815 3.089815 0 13.2411962 13.2411962 17.5088
59.3786762 49.3098662 41.1253662 41.1253662 41.1253662 41.1253362 13.2411912 13.2411912 13.2411962 0 0.0215724 17.5087962
59.3786762 49.3098662 41.1253662 41.1253662 41.1253662 41.1253362 13.2411912 13.2411912 13.2411962 0.0215724 0 17.5087962
59.37868 49.30987 41.12537 41.12537 41.12537 41.12534 17.508795 17.508795 17.5088 17.5087962 17.5087962 0
