0 5.00642 16.212362 16.212362 36.735543 36.735543 36.735543 36.735543 36.735583 36.735583 36.735523 36.735523
5.00642 0 16.212362 16.212362 36.735543 36.735543 36.735543 36.735543 36.735583 36.735583 36.735523 36.735523
16.212362 16.212362 0 0.139544 36.735545 36.735545 36.735545 36.735545 36.735585 36.735585 36.735525 36.735525
16.212362 16.212362 0.139544 0 36.735545 36.735545 36.735545 36.735545 36.735585 36.735585 36.735525 36.735525
36.735543 36.735543 36.735545 36.735545 0 11.36978 12.38552 19.90572 29.87892 29.87892 35.72166 35.72166
36.735543 36.735543 36.735545 36.735545 11.36978 0 12.38552 19.90572 29.87892 29.87892 35.72166 35.72166
36.735543 36.735543 36.735545 36.735545 12.38552 12.38552 0 19.90572 29.87892 29.87892 35.72166 35.72166
36.735543 36.735543 36.735545 36.735545 19.90572 19.90572 19.90572 0 29.87892 29.87892 35.72166 35.72166
36.735583 36.735583 36.735585 36.735585 29.87892 29.87892 29.87892 29.87892 0 26.6608 35.7217 35.7217
36.735583 36.735583 36.735585 36.735585 29.87892 29.87892 29.87892 29.87892 26.6608 0 35.7217 35.7217
36.735523 36.735523 36.735525 36.735525 35.72166 35.72166 35.72166 35.72166 35.7217 35.7217 0 33.4962
36.735523 36.735523 36.735525 36.735525 35.72166 35.72166 35.72166 35.72166 35.7217 35.7217 33.4962 0
