0 14.25354 14.25354 14.25354 30.95762 30.95762 95.5578 95.55779 95.55779 95.55783 96.676581 96.676581
14.25354 0 10.9263 10.9263 30.95762 30.95762 95.5578 95.55779 95.55779 95.55783 96.676581 96.676581
14.25354 10.9263 0 2.18892 30.95762 30.95762 95.5578 95.55779 95.55779 95.55783 96.676581 96.676581
14.25354 10.9263 2.18892 0 30.95762 30.95762 95.5578 95.55779 95.55779 95.55783 96.676581 96.676581
30.95762 30.95762 30.95762 30.95762 0 4.78338 95.55776 95.55775 95.55775 95.55779 96.676541 96.676541
30.95762 30.95762 30.95762 30.95762 4.78338 0 95.55776 95.55775 95.55775 95.55779 96.676541 96.676541
95.5578 95.5578 95.5578 95.5578 95.55776 95.55776 0 24.86859 24.86859 27.61757 96.676521 96.676521
95.55779 95.55779 95.55779 95.55779 95.55775 95.55775 24.86859 0 3.11958 27.61756 96.676511 96.676511
95.55779 95.55779 95.55779 95.55779 95.55775 95.55775 24.86859 3.11958 0 27.61756 96.676511 96.676511
95.55783 95.55783 95.55783 95.55783 95.55779 95.55779 27.61757 27.61756 27.61756 0 96.676551 96.676551
96.676581 96.676581 96.676581 96.676581 96.676541 96.676541 96.676521 96.676511 96.676511 96.676551 0 10.44814
96.676581 96.676581 96.676581 96.676581 96.676541 96.676541 96.676521 96.676511 96.676511 96.676551 10.44814 0
