0 5.5172 23.13416 105.81328 105.8133 105.8133 105.813364 105.813364 105.81337 105.81336 105.81336 105.81336
5.5172 0 23.13416 105.81328 105.8133 105.8133 105.813364 105.813364 105.81337 105.81336 105.81336 105.81336
23.13416 23.13416 0 105.81332 105.81334 105.81334 105.813404 105.813404 105.81341 105.8134 105.8134 105.8134
105.81328 105.81328 105.81332 0 36.81962 36.81962 51.532324 51.532324 51.53233 51.53232 51.53232 51.53232
105.8133 105.8133 105.81334 36.81962 0 24.2122 51.532344 51.532344 51.53235 51.53234 51.53234 51.53234
105.8133 105.8133 105.81334 36.81962 24.2122 0 51.532344 51.532344 51.53235 51.53234 51.53234 51.53234
105.813364 105.813364 105.813404 51.532324 51.532344 51.532344 0 0.431228 2.515934 15.946884 18.242804 41.060604
105.813364 105.813364 105.813404 51.532324 51.532344 51.532344 0.431228 0 2.515934 15.946884 18.242804 41.060604
105.81337 105.81337 105.81341 51.53233 51.53235 51.53235 2.515934 2.515934 0 15.94689 18.24281 41.06061
105.81336 105.81336 105.8134 51.53232 51.53234 51.53234 15.946884 15.946884 15.94689 0 18.2428 41.0606
105.81336 105.81336 105.8134 51.53232 51.53234 51.53234 18.242804 18.242804 18.24281 18.2428 0 41.0606
105.81336 105.81336 105.8134 51.53232 51.53234 51.53234 41.060604 41.060604 41.06061 41.0606 41.0606 0
