0 78.18118 78.1812023 78.1812023 78.1812 121.89522 121.89522 121.89521 121.89521 121.8952 121.89513 121.89513
78.18118 0 59.7398223 59.7398223 59.73982 121.8952 121.8952 121.89519 121.89519 121.89518 121.89511 121.89511
78.1812023 59.7398223 0 0.1935646 13.0844423 121.8952223 121.8952223 121.8952123 121.8952123 121.8952023 121.8951323 121.8951323
78.1812023 59.7398223 0.1935646 0 13.0844423 121.8952223 121.8952223 121.8952123 121.8952123 121.8952023 121.8951323 121.8951323
78.1812 59.73982 13.0844423 13.0844423 0 121.89522 121.89522 121.89521 121.89521 121.8952 121.89513 121.89513
121.89522 121.8952 121.8952223 121.8952223 121.89522 0 39.3244 52.56683 52.56683 52.56682 94.86095 94.86095
121.89522 121.8952 121.8952223 121.8952223 121.89522 39.3244 0 52.56683 52.56683 52.56682 94.86095 94.86095
121.89521 121.89519 121.8952123 121.8952123 121.89521 52.56683 52.56683 0 5.52502 29.62381 94.86094 94.86094
121.89521 121.89519 121.8952123 121.8952123 121.89521 52.56683 52.56683 5.52502 0 29.62381 94.86094 94.86094
121.8952 121.89518 121.8952023 121.8952023 121.8952 52.56682 52.56682 29.62381 29.62381 0 94.86093 94.86093
121.89513 121.89511 121.8951323 121.8951323 121.89513 94.86095 94.86095 94.86094 94.86094 94.86093 0 2.77686
121.89513 121.89511 121.8951323 121.8951323 121.89513 94.86095 94.86095 94.86094 94.86094 94.86093 2.77686 0
