0 9.48214 9.48214 13.9302 68.48501 68.48493 68.48501 68.48501 68.48501 74.79259 118.87669 118.87669
9.48214 0 3.81942 13.9302 68.48501 68.48493 68.48501 68.48501 68.48501 74.79259 118.87669 118.87669
9.48214 3.81942 0 13.9302 68.48501 68.48493 68.48501 68.48501 68.48501 74.79259 118.87669 118.87669
13.9302 13.9302 13.9302 0 68.48501 68.48493 68.48501 68.48501 68.48501 74.79259 118.87669 118.87669
68.48501 68.48501 68.48501 68.48501 0 58.63612 58.6362 58.6362 58.6362 74.7926 118.8767 118.8767
68.48493 68.48493 68.48493 68.48493 58.63612 0 39.92508 39.92508 39.92508 74.79252 118.87662 118.87662
68.48501 68.48501 68.48501 68.48501 58.6362 39.92508 0 6.293 28.9376 74.7926 118.8767 118.8767
68.48501 68.48501 68.48501 68.48501 58.6362 39.92508 6.293 0 28.9376 74.7926 118.8767 118.8767
68.48501 68.48501 68.48501 68.48501 58.6362 39.92508 28.9376 28.9376 0 74.7926 118.8767 118.8767
74.79259 74.79259 74.79259 74.79259 74.7926 74.79252 74.7926 74.7926 74.7926 0 118.8767 118.8767
118.87669 118.87669 118.87669 118.87669 118.8767 118.87662 118.8767 118.8767 118.8767 118.8767 0 91.6566
118.87669 118.87669 118.87669 118.87669 118.8767 118.87662 118.8767 118.8767 118.8767 118.8767 91.6566 0
