0 0.0314542 25.2544271 25.2544271 39.3311561 39.3311561 39.3311551 39.3311551 39.3311561 46.5964531 46.5964531 46.5964431
0.0314542 0 25.2544271 25.2544271 39.3311561 39.3311561 39.3311551 39.3311551 39.3311561 46.5964531 46.5964531 46.5964431
25.2544271 25.2544271 0 19.60578 39.331129 39.331129 39.331128 39.331128 39.331129 46.596426 46.596426 46.596416
25.2544271 25.2544271 19.60578 0 39.331129 39.331129 39.331128 39.331128 39.331129 46.596426 46.596426 46.596416
39.3311561 39.3311561 39.331129 39.331129 0 38.0856 38.085599 38.085599 38.0856 46.596455 46.596455 46.596445
39.3311561 39.3311561 39.331129 39.331129 38.0856 0 3.068779 3.068779 13.6746 46.596455 46.596455 46.596445
39.3311551 39.3311551 39.331128 39.331128 38.085599 3.068779 0 1.940944 13.674599 46.596454 46.596454 46.596444
39.3311551 39.3311551 39.331128 39.331128 38.085599 3.068779 1.940944 0 13.674599 46.596454 46.596454 46.596444
39.3311561 39.3311561 39.331129 39.331129 38.0856 13.6746 13.674599 13.674599 0 46.596455 46.596455 46.596445
46.5964531 46.5964531 46.596426 46.596426 46.596455 46.596455 46.596454 46.596454 46.596455 0 9.59122 45.32421
46.5964531 46.5964531 46.596426 46.596426 46.596455 46.596455 46.596454 46.596454 46.596455 9.59122 0 45.32421
46.5964431 46.5964431 46.596416 46.596416 46.596445 46.596445 46.596444 46.596444 46.596445 45.32421 45.32421 0
