0 63.5942 146.18263 146.18263 146.1826 146.18264 146.18264 146.18259 146.18259 174.0111 174.01109 174.01109
63.5942 0 146.18263 146.18263 146.1826 146.18264 146.18264 146.18259 146.18259 174.0111 174.01109 174.01109
146.18263 146.18263 0 14.96704 27.80583 41.79141 41.79141 60.34862 60.34862 174.01113 174.01112 174.01112
146.18263 146.18263 14.96704 0 27.80583 41.79141 41.79141 60.34862 60.34862 174.01113 174.01112 174.01112
146.1826 146.1826 27.80583 27.80583 0 41.79138 41.79138 60.34859 60.34859 174.0111 174.01109 174.01109
146.18264 146.18264 41.79141 41.79141 41.79138 0 8.72162 60.34863 60.34863 174.01114 174.01113 174.01113
146.18264 146.18264 41.79141 41.79141 41.79138 8.72162 0 60.34863 60.34863 174.01114 174.01113 174.01113
146.18259 146.18259 60.34862 60.34862 60.34859 60.34863 60.34863 0 6.88778 174.01109 174.01108 174.01108
146.18259 146.18259 60.34862 60.34862 60.34859 60.34863 60.34863 6.88778 0 174.01109 174.01108 174.01108
174.0111 174.0111 174.01113 174.01113 174.0111 174.01114 174.01114 174.01109 174.01109 0 55.39499 55.39499
174.01109 174.01109 174.01112 174.01112 174.01109 174.01113 174.01113 174.01108 174.01108 55.39499 0 6.84018
174.01109 174.01109 174.01112 174.01112 174.01109 174.01113 174.01113 174.01108 174.01108 55.39499 6.84018 0
