0 20.9842 104.6101 104.6101 151.5837794 151.5837794 151.5837494 151.58377 151.5837 151.5837 166.52098 166.52098
20.9842 0 104.6101 104.6101 151.5837794 151.5837794 151.5837494 151.58377 151.5837 151.5837 166.52098 166.52098
104.6101 104.6101 0 30.558 151.5836794 151.5836794 151.5836494 151.58367 151.5836 151.5836 166.52088 166.52088
104.6101 104.6101 30.558 0 151.5836794 151.5836794 151.5836494 151.58367 151.5836 151.5836 166.52088 166.52088
151.5837794 151.5837794 151.5836794 151.5836794 0 32.4788 42.65103 42.7688094 58.2698794 58.2698794 166.5209594 166.5209594
151.5837794 151.5837794 151.5836794 151.5836794 32.4788 0 42.65103 42.7688094 58.2698794 58.2698794 166.5209594 166.5209594
151.5837494 151.5837494 151.5836494 151.5836494 42.65103 42.65103 0 42.7687794 58.2698494 58.2698494 166.5209294 166.5209294
151.58377 151.58377 151.58367 151.58367 42.7688094 42.7688094 42.7687794 0 58.26987 58.26987 166.52095 166.52095
151.5837 151.5837 151.5836 151.5836 58.2698794 58.2698794 58.2698494 58.26987 0 20.8674 166.52088 166.52088
151.5837 151.5837 151.5836 151.5836 58.2698794 58.2698794 58.2698494 58.26987 20.8674 0 166.52088 166.52088
166.52098 166.52098 166.52088 166.52088 166.5209594 166.5209594 166.5209294 166.52095 166.52088 166.52088 0 20.4568
166.52098 166.52098 166.52088 166.52088 166.5209594 166.5209594 166.5209294 166.52095 166.52088 166.52088 20.4568 0
