0 83.52949 83.52944 83.52947 83.52943 83.52943 83.52943 83.52943 92.43748 92.437453 92.437453 92.43745
83.52949 0 78.04355 78.04358 78.04354 78.04354 78.04354 78.04354 92.43757 92.437543 92.437543 92.43754
83.52944 78.04355 0 74.17023 74.17019 74.17019 74.17019 74.17019 92.43752 92.437493 92.437493 92.43749
83.52947 78.04358 74.17023 0 54.19516 54.19516 54.19516 54.19516 92.43755 92.437523 92.437523 92.43752
83.52943 78.04354 74.17019 54.19516 0 15.25388 25.97312 25.97312 92.43751 92.437483 92.437483 92.43748
83.52943 78.04354 74.17019 54.19516 15.25388 0 25.97312 25.97312 92.43751 92.437483 92.437483 92.43748
83.52943 78.04354 74.17019 54.19516 25.97312 25.97312 0 3.17672 92.43751 92.437483 92.437483 92.43748
83.52943 78.04354 74.17019 54.19516 25.97312 25.97312 3.17672 0 92.43751 92.437483 92.437483 92.43748
92.43748 92.43757 92.43752 92.43755 92.43751 92.43751 92.43751 92.43751 0 29.511373 29.511373 29.51137
92.437453 92.437543 92.437493 92.437523 92.437483 92.437483 92.437483 92.437483 29.511373 0 0.570886 5.111943
92.437453 92.437543 92.437493 92.437523 92.437483 92.437483 92.437483 92.437483 29.511373 0.570886 0 5.111943
92.43745 92.43754 92.43749 92.43752 92.43748 92.43748 92.43748 92.43748 29.51137 5.111943 5.111943 0
