0 11.49738 58.28556 58.28556 68.32223 68.32223 68.32225 68.32225 68.32226 68.3222 68.3222 68.32219
11.49738 0 58.28556 58.28556 68.32223 68.32223 68.32225 68.32225 68.32226 68.3222 68.3222 68.32219
58.28556 58.28556 0 41.4558 68.32221 68.32221 68.32223 68.32223 68.32224 68.32218 68.32218 68.32217
58.28556 58.28556 41.4558 0 68.32221 68.32221 68.32223 68.32223 68.32224 68.32218 68.32218 68.32217
68.32223 68.32223 68.32221 68.32221 0 3.15134 65.11576 65.11576 65.11577 65.11571 65.11571 65.1157
68.32223 68.32223 68.32221 68.32221 3.15134 0 65.11576 65.11576 65.11577 65.11571 65.11571 65.1157
68.32225 68.32225 68.32223 68.32223 65.11576 65.11576 0 19.29162 33.87519 61.04693 61.04693 61.04692
68.32225 68.32225 68.32223 68.32223 65.11576 65.11576 19.29162 0 33.87519 61.04693 61.04693 61.04692
68.32226 68.32226 68.32224 68.32224 65.11577 65.11577 33.87519 33.87519 0 61.04694 61.04694 61.04693
68.3222 68.3222 68.32218 68.32218 65.11571 65.11571 61.04693 61.04693 61.04694 0 2.60146 15.76307
68.3222 68.3222 68.32218 68.32218 65.11571 65.11571 61.04693 61.04693 61.04694 2.60146 0 15.76307
68.32219 68.32219 68.32217 68.32217 65.1157 65.1157 61.04692 61.04692 61.04693 15.76307 15.76307 0
