0 28.5834 57.128718 57.128718 65.85964 65.859641 65.859641 65.85967 72.16954 72.16961 72.16961 72.16953
28.5834 0 57.128718 57.128718 65.85964 65.859641 65.859641 65.85967 72.16954 72.16961 72.16961 72.16953
57.128718 57.128718 0 55.6034 65.859758 65.859759 65.859759 65.859788 72.169658 72.169728 72.169728 72.169648
57.128718 57.128718 55.6034 0 65.859758 65.859759 65.859759 65.859788 72.169658 72.169728 72.169728 72.169648
65.85964 65.85964 65.859758 65.859758 0 7.399561 7.399561 22.12077 72.16964 72.16971 72.16971 72.16963
65.859641 65.859641 65.859759 65.859759 7.399561 0 1.605922 22.120771 72.169641 72.169711 72.169711 72.169631
65.859641 65.859641 65.859759 65.859759 7.399561 1.605922 0 22.120771 72.169641 72.169711 72.169711 72.169631
65.85967 65.85967 65.859788 65.859788 22.12077 22.120771 22.120771 0 72.16967 72.16974 72.16974 72.16966
72.16954 72.16954 72.169658 72.169658 72.16964 72.169641 72.169641 72.16967 0 57.40207 57.40207 57.40199
72.16961 72.16961 72.169728 72.169728 72.16971 72.169711 72.169711 72.16974 57.40207 0 18.93156 45.47728
72.16961 72.16961 72.169728 72.169728 72.16971 72.169711 72.169711 72.16974 57.40207 18.93156 0 45.47728
72.16953 72.16953 72.169648 72.169648 72.16963 72.169631 72.169631 72.16966 57.40199 45.47728 45.47728 0
