0 21.03565 21.035649 21.035649 48.749639 48.749639 48.74964 48.74964 48.74964 51.00657 59.32351 72.03757
21.03565 0 13.497099 13.497099 48.749689 48.749689 48.74969 48.74969 48.74969 51.00662 59.32356 72.03762
21.035649 13.497099 0 1.707278 48.749688 48.749688 48.749689 48.749689 48.749689 51.006619 59.323559 72.037619
21.035649 13.497099 1.707278 0 48.749688 48.749688 48.749689 48.749689 48.749689 51.006619 59.323559 72.037619
48.749639 48.749689 48.749688 48.749688 0 0.863218 15.096039 42.045039 42.045039 51.006609 59.323549 72.037609
48.749639 48.749689 48.749688 48.749688 0.863218 0 15.096039 42.045039 42.045039 51.006609 59.323549 72.037609
48.74964 48.74969 48.749689 48.749689 15.096039 15.096039 0 42.04504 42.04504 51.00661 59.32355 72.03761
48.74964 48.74969 48.749689 48.749689 42.045039 42.045039 42.04504 0 30.7876 51.00661 59.32355 72.03761
48.74964 48.74969 48.749689 48.749689 42.045039 42.045039 42.04504 30.7876 0 51.00661 59.32355 72.03761
51.00657 51.00662 51.006619 51.006619 51.006609 51.006609 51.00661 51.00661 51.00661 0 59.32354 72.0376
59.32351 59.32356 59.323559 59.323559 59.323549 59.323549 59.32355 59.32355 59.32355 59.32354 0 72.03766
72.03757 72.03762 72.037619 72.037619 72.037609 72.037609 72.03761 72.03761 72.03761 72.0376 72.03766 0
