0 23.2958 45.99917 45.999174 45.999174 57.93589 119.69311 119.69311 119.693157 119.693157 119.69318 119.69318
23.2958 0 45.99917 45.999174 45.999174 57.93589 119.69311 119.69311 119.693157 119.693157 119.69318 119.69318
45.99917 45.99917 0 18.932344 18.932344 57.93586 119.69308 119.69308 119.693127 119.693127 119.69315 119.69315
45.999174 45.999174 18.932344 0 0.547708 57.935864 119.693084 119.693084 119.693131 119.693131 119.693154 119.693154
45.999174 45.999174 18.932344 0.547708 0 57.935864 119.693084 119.693084 119.693131 119.693131 119.693154 119.693154
57.93589 57.93589 57.93586 57.935864 57.935864 0 119.69302 119.69302 119.693067 119.693067 119.69309 119.69309
119.69311 119.69311 119.69308 119.693084 119.693084 119.69302 0 21.4608 74.896447 74.896447 113.28387 113.28387
119.69311 119.69311 119.69308 119.693084 119.693084 119.69302 21.4608 0 74.896447 74.896447 113.28387 113.28387
119.693157 119.693157 119.693127 119.693131 119.693131 119.693067 74.896447 74.896447 0 1.604294 113.283917 113.283917
119.693157 119.693157 119.693127 119.693131 119.693131 119.693067 74.896447 74.896447 1.604294 0 113.283917 113.283917
119.69318 119.69318 119.69315 119.693154 119.693154 119.69309 113.28387 113.28387 113.283917 113.283917 0 3.46434
119.69318 119.69318 119.69315 119.693154 119.693154 119.69309 113.28387 113.28387 113.283917 113.283917 3.46434 0
