0 69.608015 69.608015 100.368462 100.368462 100.36849 100.36849 100.3685 113.12932 113.12932 113.12935 113.12933
69.608015 0 1.04423 100.368477 100.368477 100.368505 100.368505 100.368515 113.129335 113.129335 113.129365 113.129345
69.608015 1.04423 0 100.368477 100.368477 100.368505 100.368505 100.368515 113.129335 113.129335 113.129365 113.129345
100.368462 100.368477 100.368477 0 0.593324 75.644952 75.644952 75.644962 113.129382 113.129382 113.129412 113.129392
100.368462 100.368477 100.368477 0.593324 0 75.644952 75.644952 75.644962 113.129382 113.129382 113.129412 113.129392
100.36849 100.368505 100.368505 75.644952 75.644952 0 14.87086 28.89199 113.12941 113.12941 113.12944 113.12942
100.36849 100.368505 100.368505 75.644952 75.644952 14.87086 0 28.89199 113.12941 113.12941 113.12944 113.12942
100.3685 100.368515 100.368515 75.644962 75.644962 28.89199 28.89199 0 113.12942 113.12942 113.12945 113.12943
113.12932 113.129335 113.129335 113.129382 113.129382 113.12941 113.12941 113.12942 0 18.18714 39.68017 48.82879
113.12932 113.129335 113.129335 113.129382 113.129382 113.12941 113.12941 113.12942 18.18714 0 39.68017 48.82879
113.12935 113.129365 113.129365 113.129412 113.129412 113.12944 113.12944 113.12945 39.68017 39.68017 0 48.82882
113.12933 113.129345 113.129345 113.129392 113.129392 113.12942 113.12942 113.12943 48.82879 48.82879 48.82882 0
