0 8.84416 32.64697 32.64697 75.86628 75.86627 75.86627 140.4915 140.4915 140.49151 140.49151 140.49148
8.84416 0 32.64697 32.64697 75.86628 75.86627 75.86627 140.4915 140.4915 140.49151 140.49151 140.49148
32.64697 32.64697 0 5.06518 75.86629 75.86628 75.86628 140.49151 140.49151 140.49152 140.49152 140.49149
32.64697 32.64697 5.06518 0 75.86629 75.86628 75.86628 140.49151 140.49151 140.49152 140.49152 140.49149
75.86628 75.86628 75.86629 75.86629 0 33.51019 33.51019 140.49162 140.49162 140.49163 140.49163 140.4916
75.86627 75.86627 75.86628 75.86628 33.51019 0 20.4916 140.49161 140.49161 140.49162 140.49162 140.49159
75.86627 75.86627 75.86628 75.86628 33.51019 20.4916 0 140.49161 140.49161 140.49162 140.49162 140.49159
140.4915 140.4915 140.49151 140.49151 140.49162 140.49161 140.49161 0 8.00624 8.00625 8.00625 46.26402
140.4915 140.4915 140.49151 140.49151 140.49162 140.49161 140.49161 8.00624 0 5.91887 5.91887 46.26402
140.49151 140.49151 140.49152 140.49152 140.49163 140.49162 140.49162 8.00625 5.91887 0 2.81658 46.26403
140.49151 140.49151 140.49152 140.49152 140.49163 140.49162 140.49162 8.00625 5.91887 2.81658 0 46.26403
140.49148 140.49148 140.49149 140.49149 140.4916 140.49159 140.49159 46.26402 46.26402 46.26403 46.26403 0
